1000 50
34 30 430
18 38 583
7 34 135
32 10 915
27 21 995
12 38 884
12 36 929
20 39 751
4 47 970
26 20 451
41 10 24
22 15 401
7 14 735
17 42 62
19 29 255
45 43 964
46 2 146
3 18 17
47 46 500
24 25 999
47 7 569
1 42 853
31 23 386
49 12 97
27 1 492
14 15 102
28 1 402
39 11 685
9 32 106
44 29 807
10 9 79
32 30 284
6 36 720
21 3 784
17 44 693
1 46 359
24 3 265
3 35 623
50 3 683
6 27 973
28 37 243
19 43 627
27 34 855
9 19 744
4 21 519
6 41 482
31 48 832
31 14 349
45 47 928
12 47 300
13 11 691
32 12 800
41 35 660
14 30 985
4 8 160
21 38 523
18 42 914
50 36 328
41 3 981
16 46 240
3 37 276
25 14 702
28 8 616
10 19 124
12 45 73
38 4 64
16 10 739
7 33 885
13 9 318
15 37 920
17 28 226
21 40 459
47 30 863
26 48 277
42 43 696
21 19 11
6 1 887
39 1 500
31 40 545
21 43 820
2 28 184
45 17 629
28 6 965
30 11 816
21 17 188
16 25 944
7 8 721
16 8 403
13 1 54
15 3 558
9 37 27
31 9 866
42 28 675
14 48 145
11 25 884
12 13 743
50 35 866
42 27 517
47 25 205
25 2 697
33 36 882
39 33 358
3 4 836
16 24 133
34 48 219
47 24 355
49 6 481
43 15 993
49 16 935
21 42 103
43 38 186
20 23 75
6 50 530
9 30 795
19 12 428
11 36 474
25 29 319
49 44 361
12 7 218
28 35 571
24 36 805
31 24 947
40 39 14
49 13 786
12 3 502
25 6 781
33 27 124
23 11 332
15 25 851
43 6 262
30 21 286
41 30 129
30 46 160
18 44 5
50 13 967
23 13 42
34 45 52
12 10 316
25 1 470
40 16 745
15 47 649
19 11 985
38 41 916
35 31 993
35 10 443
36 25 172
5 35 140
25 18 266
37 17 819
26 49 204
49 32 527
16 27 990
48 2 276
27 36 853
27 24 597
26 47 840
40 45 267
25 22 456
14 17 595
6 48 415
18 13 152
45 15 263
25 38 112
19 40 885
34 19 3
50 29 794
36 23 587
24 34 278
28 41 540
46 14 36
35 21 854
25 44 308
22 10 261
47 21 548
39 31 759
46 20 232
17 48 495
47 1 942
9 23 454
34 50 934
28 43 931
35 29 232
7 5 155
22 30 288
6 14 64
24 11 625
35 14 66
4 22 860
4 13 302
22 3 779
40 25 889
21 37 191
25 4 788
7 44 608
28 19 708
35 19 390
48 29 367
10 31 611
35 20 953
50 42 674
29 49 556
11 8 735
17 31 533
36 2 781
26 18 750
12 8 408
37 44 442
49 27 53
50 27 400
35 15 754
23 29 481
24 8 821
33 45 359
42 48 360
45 36 157
45 39 571
8 47 216
8 33 38
15 10 142
36 48 928
11 38 470
25 39 747
12 27 358
10 45 597
41 23 987
38 34 222
2 27 805
11 17 976
40 42 850
14 36 772
39 2 832
40 15 390
19 22 65
5 39 806
15 11 550
3 9 412
50 43 584
29 3 599
47 11 835
48 23 475
31 47 891
22 2 185
38 5 837
37 14 932
3 42 271
15 2 198
11 45 274
13 34 346
50 16 806
34 8 530
23 27 949
46 24 345
35 27 577
46 5 862
40 7 130
27 9 758
38 22 854
15 6 800
41 14 481
43 32 386
35 34 912
7 2 612
37 46 222
6 35 438
18 6 782
44 15 630
23 14 788
32 4 56
46 25 785
47 41 59
37 41 378
44 26 477
1 23 192
47 48 178
50 48 651
6 39 182
19 15 785
33 46 700
17 26 310
8 6 616
19 13 276
15 36 491
15 27 969
19 24 322
1 48 17
30 35 211
49 33 413
48 13 186
20 1 638
6 3 325
30 40 751
13 7 44
15 23 67
16 36 485
45 25 481
1 50 849
42 20 14
5 4 430
33 13 285
36 40 557
23 38 229
5 43 490
45 31 22
35 25 875
45 3 613
14 18 455
22 49 291
7 25 708
18 10 263
6 45 40
48 39 921
2 1 868
41 7 545
19 25 140
46 15 138
44 14 575
11 26 405
7 3 815
33 41 59
42 24 860
33 10 48
17 7 287
33 34 578
13 8 135
47 5 930
11 5 95
2 34 151
2 40 311
9 47 849
31 12 403
17 2 858
48 32 444
4 16 473
31 19 780
29 41 625
23 10 197
24 45 398
34 23 506
4 50 977
17 6 96
26 19 645
3 33 177
23 21 104
12 18 379
46 29 421
3 11 671
7 19 935
32 23 941
16 20 867
4 43 587
32 34 469
5 14 408
36 44 790
36 17 919
38 35 479
41 46 9
9 44 70
12 15 989
27 45 303
42 22 744
28 14 421
27 38 270
9 41 781
41 36 988
2 43 104
31 20 453
33 14 395
40 46 764
7 30 525
3 1 856
1 18 383
9 22 251
1 4 629
3 46 449
34 11 579
19 20 765
46 48 601
32 33 138
21 41 166
14 21 926
43 26 848
23 5 720
2 18 251
17 46 656
20 50 131
20 15 184
47 50 49
7 46 6
13 21 738
8 46 806
40 5 414
2 33 19
16 14 427
40 49 205
18 15 850
44 28 538
31 42 998
35 24 971
45 16 43
43 40 902
37 6 164
40 4 902
10 5 682
18 37 466
5 32 749
36 47 324
46 28 348
36 28 462
23 46 22
48 30 128
49 23 988
50 19 1
26 9 525
30 42 518
5 16 217
33 37 104
44 21 826
3 16 867
37 35 81
24 37 246
22 11 654
48 4 278
30 27 768
47 20 84
7 9 266
9 12 212
16 12 275
42 36 366
27 31 957
6 13 99
22 44 600
35 40 122
7 23 45
41 19 544
20 45 239
20 28 567
30 8 405
16 17 812
28 15 73
14 19 732
12 5 849
3 20 215
16 15 256
35 16 885
37 45 560
19 16 497
10 2 536
18 9 194
24 1 426
6 31 410
10 46 153
34 42 249
14 38 578
44 39 130
23 40 872
29 14 437
7 18 664
26 21 659
1 33 929
17 4 761
10 13 935
30 13 138
12 30 189
6 12 603
4 27 798
9 36 400
44 23 579
24 32 825
1 34 421
42 38 319
8 9 245
18 32 248
38 40 453
23 17 378
19 27 140
46 50 682
21 18 787
26 15 663
31 29 222
12 43 988
38 6 150
36 21 694
19 49 690
8 2 381
46 26 179
26 38 576
48 38 306
38 49 650
11 41 835
16 23 124
37 26 59
28 24 454
25 32 166
46 21 483
2 45 116
29 32 582
8 32 446
37 36 307
47 18 942
6 20 27
33 11 974
42 9 352
19 23 749
28 29 499
21 50 185
30 16 731
15 9 148
28 49 737
22 45 597
27 20 435
6 2 712
43 41 660
43 1 979
24 33 902
19 45 765
20 2 84
32 3 64
44 3 420
4 28 589
46 36 254
49 2 583
39 38 84
17 40 163
47 19 307
45 8 309
45 29 364
16 13 570
6 26 805
20 4 99
5 41 75
39 35 791
14 26 138
44 40 157
7 26 971
4 46 300
14 10 652
23 33 784
47 3 844
40 1 486
2 14 196
46 42 213
17 32 230
10 40 540
17 5 98
5 37 425
10 38 272
22 23 732
30 25 529
26 5 200
25 5 306
3 5 747
41 2 175
15 49 658
39 10 488
33 44 480
24 41 723
5 27 289
42 19 522
4 41 992
35 9 72
24 39 39
41 34 514
14 50 436
5 33 653
47 29 356
11 18 53
4 45 44
14 40 173
28 7 997
35 44 852
4 30 259
45 46 150
40 48 282
49 9 590
22 14 819
39 18 156
1 30 738
44 1 589
45 28 799
18 28 733
40 6 745
26 3 711
28 34 543
1 38 179
35 45 371
7 10 378
27 48 668
7 36 123
25 10 823
41 45 396
11 32 391
4 44 8
48 37 525
27 17 668
38 36 385
22 35 243
10 42 931
41 39 843
1 49 139
35 13 119
37 1 623
31 21 699
29 33 352
44 38 673
29 6 890
50 37 35
6 10 495
22 36 110
21 12 975
27 3 808
7 1 878
13 24 908
39 50 14
10 28 63
37 7 41
45 18 951
42 44 412
45 1 769
30 50 896
48 45 862
10 30 786
30 19 523
34 22 219
38 31 544
36 49 827
25 20 352
19 38 166
4 18 688
28 11 754
39 13 681
50 8 427
19 8 537
30 15 197
15 13 446
45 50 698
38 15 880
8 22 803
2 44 359
1 29 689
13 5 705
41 25 674
29 11 158
32 27 321
50 26 342
27 40 983
24 30 436
5 48 896
43 9 320
17 41 374
8 48 173
14 34 733
31 4 43
29 7 712
48 16 475
20 9 621
32 44 217
8 35 729
19 46 94
15 4 253
39 7 406
25 31 582
44 20 193
14 24 17
43 44 757
34 31 275
4 29 245
23 18 974
14 27 573
3 10 752
8 5 694
37 42 614
42 16 925
34 46 780
12 14 491
12 24 122
43 24 347
1 9 464
2 23 287
11 2 756
44 48 828
24 10 109
49 42 639
47 14 459
14 42 752
39 14 278
41 48 22
8 17 874
40 20 960
46 13 224
3 49 138
13 20 919
24 50 2
47 39 812
22 37 4
37 12 601
39 8 482
36 3 135
34 37 216
15 39 358
9 29 76
16 18 228
1 8 4
30 29 696
45 14 172
20 30 62
3 19 328
34 49 596
32 50 915
26 8 249
2 37 646
47 35 506
36 8 490
49 41 592
22 39 793
15 17 865
41 40 855
13 40 235
42 25 405
40 28 615
7 24 383
12 29 745
24 21 526
6 11 814
34 47 974
9 28 626
37 25 984
13 22 357
43 8 133
11 10 234
42 7 328
47 22 402
32 36 598
30 17 639
44 45 865
5 2 252
29 2 465
16 29 252
20 14 603
23 35 171
37 29 756
26 42 467
3 8 303
16 2 466
27 11 876
31 41 199
37 11 373
44 8 350
4 14 360
4 6 861
41 16 511
28 32 134
23 4 942
39 27 749
40 32 256
18 35 712
11 4 736
47 17 6
26 36 613
33 4 507
19 36 410
5 6 98
19 5 544
25 8 504
26 13 93
1 17 417
23 39 842
1 31 271
16 32 485
22 12 956
42 35 59
28 16 613
38 50 428
16 31 596
26 39 562
23 12 872
1 21 315
17 22 581
26 45 190
39 28 430
33 42 26
7 16 525
13 47 373
24 20 528
30 2 646
19 44 573
34 10 662
9 5 757
11 21 664
1 36 572
47 42 81
43 20 198
28 30 816
45 21 570
50 12 71
9 2 261
48 25 202
35 4 434
22 29 188
18 40 331
49 5 688
1 35 573
38 16 12
50 5 568
21 8 976
29 34 302
34 16 688
2 12 172
43 22 245
28 21 819
9 39 376
19 18 54
3 14 101
18 31 964
9 4 120
40 11 240
9 6 312
47 40 908
30 5 864
5 28 900
26 16 659
28 38 697
38 9 953
17 50 715
20 37 475
11 12 866
10 49 963
9 48 22
5 20 123
41 1 705
9 34 905
40 22 837
3 2 963
32 19 245
36 39 763
32 37 302
16 47 626
24 44 781
19 6 475
29 8 403
7 38 846
30 45 835
33 9 130
16 39 246
21 49 845
20 21 977
44 27 230
18 24 262
24 15 837
20 18 744
34 18 785
19 48 795
33 50 617
44 46 473
47 49 344
7 27 542
38 17 591
16 22 426
48 43 551
5 34 520
8 42 531
43 25 388
28 48 368
10 50 17
5 29 721
22 32 775
18 36 899
29 21 404
45 23 989
39 37 714
11 46 418
49 50 584
12 44 362
7 31 760
18 22 916
34 21 503
46 18 836
49 39 821
44 6 273
36 31 799
45 13 116
21 25 456
13 38 653
10 48 267
22 31 870
42 13 443
18 33 694
25 9 229
43 33 694
19 39 744
35 7 115
27 18 470
44 13 857
26 29 754
39 4 917
3 48 331
7 50 516
20 32 175
48 21 122
32 2 113
31 30 51
17 39 213
49 46 835
8 14 977
17 33 411
31 11 528
26 10 106
12 35 563
29 24 282
5 44 288
32 26 49
38 29 871
37 16 1000
44 47 524
20 33 145
43 7 825
50 23 419
6 22 856
8 40 445
42 45 676
48 12 309
11 16 83
9 17 464
23 3 111
36 30 45
18 48 190
41 27 648
6 23 972
21 6 672
32 1 529
37 23 997
26 12 905
3 17 960
25 13 196
11 43 277
9 14 915
10 8 567
21 33 819
30 26 335
41 50 438
43 16 33
40 50 633
48 20 800
29 15 6
20 12 222
26 31 727
26 28 286
25 3 564
32 42 914
12 34 273
35 36 901
14 32 832
37 40 197
28 33 902
50 15 823
3 39 810
30 6 127
41 18 57
43 27 278
49 20 215
3 40 309
31 43 902
22 21 538
30 3 551
48 24 899
38 3 920
12 40 882
9 40 549
49 43 875
40 26 602
7 48 510
22 48 360
33 40 237
38 30 700
9 24 213
37 38 409
7 45 399
25 26 582
33 22 95
29 36 424
23 25 481
13 28 13
31 44 932
40 34 623
32 35 764
16 21 25
30 43 71
26 2 769
48 33 725
45 9 361
8 31 702
1 19 890
25 33 682
28 50 715
41 13 968
18 29 178
30 37 852
29 10 767
8 38 832
50 9 253
48 49 446
36 716
250 758
149 301
104 533
318 345
641 18
141 399
34 939
19 588
629 166
136 798
503 626
526 481
155 967
401 706
567 377
794 258
270 265
16 189
798 245
360 915
522 865
318 751
818 453
141 870
1 992
827 763
224 86
97 937
154 607
953 535
152 952
688 723
477 421
503 640
316 391
572 338
529 962
886 476
541 403
250 592
350 624
47 943
454 808
577 209
363 525
396 503
511 871
910 366
753 307
