2000 100
13 94 358
75 31 96
26 10 50
54 19 814
94 19 766
65 20 89
38 16 852
75 16 765
70 12 205
34 51 824
3 88 618
18 6 627
96 79 80
32 69 418
74 3 816
100 97 623
45 42 242
82 33 145
50 73 133
77 13 954
83 9 195
76 77 21
3 41 243
45 27 231
76 50 976
45 7 399
96 82 536
62 10 231
80 38 69
44 65 298
51 36 67
23 30 770
46 91 48
83 33 467
83 22 154
63 21 541
88 19 806
44 29 140
94 58 491
55 1 88
77 8 723
31 9 851
17 38 969
20 81 783
34 37 325
100 41 672
83 57 177
24 64 52
7 72 426
98 68 383
70 24 428
43 42 923
11 100 355
4 41 243
59 71 382
6 89 479
23 70 816
31 30 36
69 2 48
32 51 44
81 39 597
87 71 746
99 97 650
35 77 68
16 36 813
9 81 450
9 86 45
52 84 326
77 60 381
38 42 497
88 25 136
99 6 438
99 31 238
12 38 350
60 48 519
91 38 703
11 29 235
27 29 541
80 3 488
53 2 390
38 1 378
1 67 191
57 74 20
10 91 410
90 18 398
3 66 712
34 18 450
68 41 171
37 6 972
87 75 121
96 1 375
32 18 820
54 15 95
91 25 46
61 2 149
21 70 232
20 96 418
46 11 11
98 39 307
52 57 360
85 67 508
66 26 843
74 26 686
35 54 428
83 52 599
79 56 89
7 4 160
66 71 289
73 82 795
92 16 739
75 63 758
31 77 426
88 24 600
15 87 667
44 98 776
38 66 994
82 39 659
66 7 416
84 43 172
85 72 529
87 95 202
28 63 502
28 97 875
1 49 949
46 76 2
25 99 82
23 22 991
68 92 971
31 33 480
93 80 176
25 95 516
80 81 206
95 50 542
2 74 824
49 37 478
36 80 168
56 26 799
96 44 118
95 11 275
5 86 383
90 91 734
69 15 754
98 10 42
97 80 738
21 19 996
22 60 480
21 31 132
8 28 287
76 53 832
21 99 280
29 51 767
44 9 105
3 75 693
9 97 540
96 36 853
30 62 916
19 60 753
78 84 869
59 49 698
5 68 831
87 73 13
22 43 547
97 25 285
62 27 940
64 89 424
29 57 581
19 37 952
68 62 834
35 19 582
34 75 16
65 88 386
13 91 190
3 51 624
2 35 118
84 89 636
36 73 381
56 85 389
82 40 383
27 88 136
45 5 974
47 8 135
69 38 685
7 36 480
93 83 220
69 71 458
6 57 476
63 47 398
18 82 867
85 29 472
57 53 742
13 42 149
76 80 640
90 25 335
17 68 848
91 64 313
52 62 167
34 98 847
85 62 806
39 62 736
76 22 841
71 57 187
6 63 111
80 4 186
23 65 621
96 73 740
79 32 658
75 59 19
75 83 881
14 24 860
97 71 430
53 12 969
94 99 372
14 53 433
30 66 392
6 16 136
28 29 707
25 20 998
92 63 476
82 41 275
40 52 748
28 46 152
8 18 556
67 88 589
16 2 425
45 92 860
71 65 132
87 22 223
17 46 13
12 45 612
95 96 496
95 2 575
72 61 889
37 32 340
91 27 856
40 98 745
8 96 99
21 48 999
33 99 337
11 85 428
50 81 278
93 61 433
15 96 143
84 95 511
67 93 705
1 97 266
3 25 864
47 29 381
45 50 518
59 38 630
81 14 174
40 42 917
80 13 323
12 87 966
76 10 251
42 62 990
13 100 940
26 41 235
21 18 555
48 56 713
9 20 56
13 28 689
99 24 185
22 74 584
12 93 942
97 61 392
20 83 896
82 7 683
98 64 592
23 13 765
81 96 244
12 71 390
7 91 786
51 12 887
25 23 895
76 27 955
59 53 974
45 70 997
93 29 11
5 22 111
8 82 64
33 51 568
92 56 457
87 98 667
34 33 157
68 67 960
13 29 445
33 2 414
13 79 175
38 10 111
98 66 818
78 100 766
96 61 252
95 61 630
94 54 629
20 57 326
75 26 304
75 49 579
83 3 844
74 62 384
23 5 237
16 48 784
55 74 660
68 58 618
74 98 962
8 65 21
72 53 965
70 30 736
94 46 912
74 60 611
81 73 675
31 91 28
72 62 75
96 92 154
40 66 83
89 39 900
81 68 411
80 27 915
94 30 714
66 60 195
27 31 890
60 56 982
25 67 935
81 57 225
20 37 255
83 95 834
49 45 538
93 48 338
41 40 470
88 95 453
37 12 930
72 73 292
56 57 927
57 61 555
73 20 792
31 94 845
2 68 237
61 79 244
44 47 631
77 57 344
58 84 750
79 67 260
66 13 534
95 7 93
56 9 936
40 18 9
42 60 125
67 51 414
58 74 439
5 26 303
19 65 631
6 26 484
47 66 434
26 72 783
31 51 153
77 62 221
60 10 693
82 16 824
81 92 465
86 39 384
18 37 991
76 31 653
2 24 75
68 27 714
43 81 404
77 23 338
78 31 672
57 43 811
39 3 62
70 33 184
64 83 792
86 81 652
89 33 736
67 10 712
72 15 434
66 95 396
95 93 364
92 19 711
56 78 618
90 52 643
30 13 230
12 20 550
73 91 770
100 30 981
38 34 16
15 34 957
2 96 156
44 16 674
72 18 696
56 31 807
18 92 167
100 21 309
69 61 639
43 86 752
42 70 832
100 53 659
74 50 659
72 83 150
10 7 380
97 23 653
17 65 80
89 97 846
53 23 427
44 63 545
16 69 602
77 26 72
27 89 997
53 11 132
6 69 258
48 33 609
70 41 6
54 79 2
7 33 207
82 45 385
52 69 337
5 27 111
5 59 80
76 97 540
49 24 471
48 82 140
12 62 578
24 29 993
81 91 169
39 60 286
3 28 465
48 64 934
57 94 483
88 99 461
74 16 762
11 1 284
64 58 440
80 68 71
73 99 228
79 93 969
58 38 296
80 75 518
5 33 706
94 2 271
40 11 897
15 73 784
20 60 574
65 99 99
95 41 754
88 61 743
54 55 652
83 56 219
49 61 193
25 81 956
42 99 554
96 54 229
19 4 159
11 13 415
74 100 951
31 35 619
81 42 101
97 36 393
6 78 340
30 14 515
92 86 180
63 99 179
47 30 359
12 50 997
9 5 970
78 97 848
65 91 230
2 43 191
59 91 775
6 82 542
36 65 788
15 45 620
86 3 654
67 54 440
58 48 286
97 34 715
34 90 537
95 37 878
26 73 878
87 88 586
25 66 743
17 9 392
60 54 246
80 65 994
30 74 832
18 43 763
23 45 201
50 6 842
69 51 761
5 90 692
3 45 1
71 95 933
65 78 701
90 62 625
57 78 747
70 29 517
1 50 652
59 80 578
85 9 923
77 55 982
87 20 422
16 37 615
86 47 455
62 58 834
5 85 683
58 4 647
6 19 180
85 76 916
53 21 547
64 12 894
8 31 48
78 85 282
15 9 440
1 88 808
61 56 134
17 28 149
62 18 798
22 44 11
41 39 548
17 96 722
99 62 909
100 62 586
53 28 781
44 69 486
91 49 22
6 23 801
92 65 801
63 5 295
46 38 243
67 16 994
98 99 452
66 20 878
57 30 151
66 35 644
47 19 620
61 66 224
64 8 10
41 45 495
35 5 423
84 71 483
45 98 782
69 3 72
83 88 797
33 24 511
28 82 28
20 1 576
20 77 266
86 46 112
3 49 782
61 75 358
12 19 66
10 21 670
79 68 451
2 1 189
66 4 316
41 73 749
8 91 126
6 8 887
73 65 761
59 57 162
54 82 254
12 89 127
3 14 417
38 45 85
65 100 572
74 45 61
87 80 415
69 58 562
65 67 203
85 45 970
49 63 555
8 58 920
92 37 392
27 60 601
94 10 723
33 16 278
16 50 603
83 30 537
65 53 702
26 7 839
72 64 227
86 41 196
69 94 273
21 57 748
2 47 423
99 93 851
89 53 267
71 80 885
15 43 193
86 49 350
18 61 906
33 9 675
51 28 413
25 71 878
27 37 781
28 50 625
97 17 177
73 2 40
81 48 164
93 11 19
71 41 831
56 91 980
75 21 741
32 9 319
30 68 882
44 35 118
75 47 873
1 22 643
69 41 78
54 70 532
42 32 614
81 47 942
63 15 492
8 51 16
14 59 894
86 63 483
86 78 404
73 27 16
54 62 496
55 94 140
71 67 775
11 10 114
62 48 120
17 33 580
27 6 103
65 62 594
3 92 882
87 65 537
61 23 896
7 51 985
5 98 131
87 3 413
44 87 692
72 89 698
65 42 898
11 39 128
32 85 721
18 56 712
27 7 6
22 24 870
74 89 609
25 85 663
4 87 910
22 56 186
48 68 629
38 48 676
65 5 506
15 66 207
50 89 911
36 31 834
16 12 452
45 14 49
31 15 221
78 54 203
45 40 712
52 88 665
30 80 532
23 8 476
6 92 622
55 7 659
58 23 346
9 13 481
45 73 414
61 43 593
74 51 638
83 13 852
18 70 591
91 54 196
46 33 653
99 100 735
6 84 712
54 11 797
1 81 606
4 6 381
99 83 698
65 10 119
99 52 359
88 97 611
92 77 510
64 17 763
84 61 670
95 77 679
27 21 624
94 63 625
16 94 375
85 60 786
49 51 795
23 48 769
9 47 942
58 89 481
52 16 815
12 5 188
52 59 695
1 92 992
36 67 773
99 16 752
100 98 876
98 93 456
21 60 827
16 30 380
14 94 29
92 61 630
30 11 886
65 2 405
76 19 862
37 9 432
100 76 796
13 56 698
90 75 782
10 22 635
75 4 607
30 98 803
57 1 508
76 13 935
97 44 606
99 14 146
33 71 608
96 16 17
76 39 278
19 15 554
69 12 694
37 83 235
31 34 964
55 67 359
44 19 39
91 33 201
92 35 900
63 95 400
32 54 200
53 26 233
42 80 38
20 38 225
57 31 515
14 77 942
4 37 773
95 27 809
80 6 138
81 35 472
18 19 445
37 93 474
7 84 751
24 47 817
95 99 875
25 63 994
44 100 942
17 85 388
91 30 183
51 53 77
20 98 340
71 72 352
10 30 160
86 35 785
64 55 553
2 88 646
24 43 405
86 13 190
39 78 91
77 52 56
65 83 494
4 92 918
46 48 721
93 70 930
48 80 467
41 19 91
77 79 278
26 64 977
77 10 247
44 95 732
74 66 302
91 83 579
64 96 695
18 20 254
6 74 215
72 51 489
5 70 984
92 98 558
13 48 873
28 18 761
88 69 811
78 51 795
99 68 573
63 41 862
9 74 94
9 96 295
95 47 819
85 19 79
89 55 572
14 52 745
23 20 489
18 33 358
32 89 179
82 49 737
17 100 240
32 55 304
79 17 588
56 21 724
36 91 357
3 71 578
56 7 218
90 56 673
62 78 729
45 55 130
73 22 818
28 15 587
6 87 364
54 99 913
42 59 716
9 52 943
15 84 974
2 19 879
13 38 657
72 90 851
68 31 972
83 42 860
90 36 285
42 67 893
32 40 272
35 80 425
24 61 165
92 67 319
83 54 268
34 88 330
86 12 765
35 50 964
84 62 483
52 73 212
10 37 947
56 67 59
21 32 363
14 56 924
60 51 636
51 10 987
39 22 239
9 48 551
49 50 607
18 14 842
36 38 556
4 14 254
67 46 495
21 76 863
79 41 779
74 68 760
100 37 899
57 12 986
39 34 49
80 50 810
77 93 851
86 37 549
48 49 820
78 11 81
8 73 202
68 90 740
22 17 262
39 65 307
38 7 771
61 82 981
20 19 760
63 32 179
63 22 237
84 30 126
17 86 355
74 64 360
54 24 667
27 44 102
2 51 989
92 59 11
58 100 168
13 68 886
100 34 715
23 94 326
23 35 395
82 58 748
49 57 317
45 10 31
11 50 408
3 77 721
43 26 425
32 97 565
63 62 891
65 84 181
51 43 721
81 26 214
11 42 42
62 4 675
6 53 798
72 48 545
85 87 165
83 26 62
8 61 86
90 21 809
15 3 775
53 39 326
87 67 358
3 21 284
92 70 199
86 45 519
93 28 321
61 74 155
28 10 631
1 31 673
27 82 198
62 67 219
33 78 361
92 24 714
28 33 246
27 52 755
35 89 146
54 23 26
19 1 374
23 42 610
65 35 110
97 14 172
96 53 728
33 69 964
51 55 931
6 67 864
49 73 841
34 76 552
69 35 754
78 28 333
72 98 306
77 86 847
14 49 925
89 80 322
63 2 457
62 96 721
73 31 473
3 32 870
63 12 387
6 43 843
98 69 65
23 31 913
90 40 314
44 8 930
67 31 811
51 14 226
64 33 637
22 79 178
51 61 295
33 81 117
98 90 848
36 95 196
45 17 523
55 36 562
96 28 187
47 31 14
68 76 492
16 87 744
99 69 157
25 43 887
44 86 820
99 43 115
2 97 107
74 69 550
20 44 916
93 34 843
70 58 112
85 31 908
6 31 441
6 85 620
23 47 85
99 48 516
90 14 296
45 34 7
34 84 401
69 23 22
86 8 607
76 56 188
32 8 105
68 70 682
92 14 206
8 45 646
88 7 634
9 69 580
26 70 281
36 49 790
34 24 993
56 80 976
89 45 113
3 10 441
8 30 522
10 50 162
87 21 740
71 79 616
26 92 937
46 83 458
45 66 627
40 35 347
73 4 227
26 51 395
32 20 722
97 62 366
70 99 14
26 50 890
59 12 844
89 88 952
88 18 263
98 65 961
32 72 395
18 7 474
5 8 200
50 13 747
87 11 26
73 34 826
96 63 440
99 5 631
24 4 601
3 78 334
45 59 766
81 7 954
49 58 73
63 84 450
28 7 690
3 35 97
94 84 769
2 87 889
30 29 784
76 98 987
2 21 797
48 15 744
60 43 38
70 1 515
75 30 980
84 75 170
30 22 731
66 37 385
50 32 5
4 76 822
54 39 119
68 55 192
63 69 768
63 34 819
39 38 9
46 20 533
35 71 828
38 28 220
44 38 510
74 67 524
95 94 926
22 53 477
67 18 839
8 63 601
53 27 869
93 3 565
92 20 782
89 83 846
3 17 593
22 32 947
10 54 298
69 97 958
43 45 178
95 35 815
34 17 136
23 60 685
39 13 266
7 11 421
85 20 534
52 30 118
41 12 41
75 45 814
54 34 385
52 15 536
75 77 570
94 67 566
1 74 170
17 42 543
8 90 792
19 89 115
6 47 561
83 10 462
89 73 186
32 10 51
37 31 677
64 99 614
94 21 131
16 45 709
38 53 666
29 63 775
64 9 119
84 14 423
37 40 855
93 51 150
77 71 648
69 1 486
61 9 490
72 58 904
2 37 333
51 59 182
31 90 834
86 53 300
52 7 238
4 86 774
16 79 111
39 84 200
98 63 91
62 24 792
53 87 498
36 33 677
75 100 884
65 60 266
43 7 755
96 75 528
22 8 428
62 31 765
97 56 364
91 87 106
43 68 85
31 43 710
80 20 90
76 88 153
81 55 636
51 21 303
81 18 980
93 76 718
1 84 689
93 82 389
23 55 933
28 59 258
45 71 475
97 43 38
53 13 938
85 100 420
82 4 248
25 45 994
59 48 547
58 3 778
79 11 523
36 99 387
14 27 904
74 39 993
39 20 74
26 69 340
23 59 387
74 77 389
84 41 853
23 41 418
86 69 295
68 91 647
39 48 618
40 23 255
79 44 938
51 52 849
15 7 505
51 4 310
13 24 45
3 72 412
94 56 399
53 33 365
81 22 687
54 44 33
72 95 155
57 36 370
25 37 581
6 14 42
23 24 420
23 27 751
36 32 134
98 61 937
47 35 482
93 26 78
17 70 192
66 84 278
82 63 326
36 86 495
98 6 786
93 39 624
95 89 280
83 36 412
10 46 823
55 91 406
94 40 37
5 89 91
40 48 769
70 65 130
30 4 688
79 8 648
14 73 824
94 44 866
79 20 168
48 17 901
95 98 239
89 48 521
58 18 746
37 75 968
19 16 269
74 28 728
4 21 949
63 46 905
75 17 230
11 8 619
67 19 487
33 85 320
20 86 197
1 13 192
100 5 506
41 31 243
19 10 869
40 75 265
2 6 483
19 73 517
74 15 549
30 54 435
1 54 531
39 24 752
79 55 726
37 52 304
44 12 126
76 47 22
10 52 37
29 56 446
94 91 961
50 51 747
55 38 73
8 50 889
21 92 705
2 85 69
92 38 504
75 36 348
78 96 702
53 7 424
89 65 690
74 56 481
65 40 384
1 28 367
9 98 534
26 8 769
34 80 725
15 44 760
87 14 959
61 17 803
65 52 536
33 76 100
53 82 804
30 82 576
65 56 112
57 32 704
25 19 487
90 60 125
21 47 192
3 20 994
73 69 348
55 87 26
20 64 768
61 6 643
66 67 575
44 48 954
75 13 571
59 96 967
36 39 744
18 51 917
24 31 734
78 36 761
80 28 77
24 72 37
23 71 926
87 26 433
50 99 725
75 46 235
52 36 470
96 39 209
90 57 341
73 13 148
54 4 84
15 99 85
64 78 620
48 50 25
52 93 632
70 46 602
71 92 743
28 73 500
38 89 422
23 19 20
96 48 245
76 94 435
67 50 783
1 43 777
70 72 75
22 65 28
17 49 112
82 88 899
6 24 987
93 8 169
30 77 832
4 68 702
10 9 762
48 74 786
47 27 254
36 5 293
79 89 925
48 20 947
93 23 117
38 18 498
100 40 245
57 41 87
2 84 851
28 44 526
55 78 210
43 66 1000
53 41 399
73 84 104
52 38 665
74 38 296
85 75 317
21 41 718
66 23 589
100 29 623
78 38 7
10 8 41
32 76 568
40 9 929
48 87 449
45 62 193
98 32 877
80 32 46
33 66 281
25 55 654
8 38 498
78 1 913
26 89 717
11 91 753
34 71 32
73 21 938
48 66 195
100 70 182
17 31 790
34 36 836
61 94 409
78 60 207
86 72 836
29 40 677
90 54 531
2 59 1000
39 63 871
93 33 896
48 47 982
59 41 560
20 52 271
87 19 969
88 54 653
23 14 559
77 51 857
2 7 85
15 6 777
90 12 303
24 20 255
53 3 358
81 2 854
27 100 184
94 26 343
80 44 380
48 12 76
50 61 92
72 40 989
85 38 933
96 46 654
5 30 601
9 62 777
84 12 3
44 99 764
63 27 731
89 37 755
80 74 946
97 73 586
70 66 174
9 58 135
91 88 790
51 100 504
47 1 211
38 15 441
62 38 55
47 34 37
77 90 733
57 28 67
91 3 50
7 77 231
11 83 530
75 53 35
2 66 124
64 68 208
7 41 757
46 8 456
85 96 335
87 99 531
84 29 680
51 42 484
67 77 460
7 47 783
13 57 541
48 37 984
23 92 317
85 70 904
18 98 679
9 14 627
52 72 816
36 10 954
85 94 522
5 47 268
55 72 715
63 30 182
36 30 748
60 79 538
53 58 239
21 23 580
37 11 169
26 4 702
90 87 449
83 73 686
58 12 86
79 34 410
51 48 255
21 66 158
13 34 299
29 53 164
4 36 162
37 74 873
5 48 163
4 60 156
18 5 759
59 72 939
15 32 542
39 32 221
98 56 6
49 21 312
39 47 594
73 98 19
2 10 560
68 24 101
21 97 337
96 56 549
60 83 799
91 74 818
70 16 447
96 6 688
39 7 972
65 97 976
6 34 454
44 76 411
55 53 315
75 78 231
18 26 975
15 35 866
82 9 884
72 66 520
60 29 855
66 19 777
70 95 756
65 68 474
15 37 574
13 7 603
55 16 562
17 43 780
21 54 2
100 10 990
4 61 428
22 21 857
50 84 197
49 90 267
71 73 783
14 38 907
36 84 317
40 80 90
21 46 684
86 96 397
50 46 552
56 44 353
69 65 715
71 38 822
5 7 609
37 70 744
87 41 133
94 1 380
33 42 28
93 55 773
72 63 842
68 46 33
25 12 340
81 66 196
100 68 205
14 57 129
69 49 806
79 10 43
12 82 91
41 80 743
57 10 610
57 35 913
80 98 109
45 95 434
24 12 527
3 100 585
20 7 310
10 61 439
88 21 620
44 83 845
88 86 618
22 13 76
11 25 412
16 65 543
66 50 192
58 10 747
29 82 23
53 35 923
2 23 155
32 7 300
32 67 808
52 87 943
16 7 337
11 17 454
43 47 950
63 70 165
62 82 445
97 40 220
11 81 521
85 91 519
67 73 420
69 55 17
12 96 201
61 42 210
29 16 426
65 6 378
52 100 954
7 94 106
6 21 344
22 91 113
18 13 186
40 99 506
60 12 419
24 38 826
90 33 966
87 97 406
69 87 863
74 25 696
3 89 80
86 51 622
65 75 16
93 47 457
65 7 838
49 8 874
87 10 796
44 26 751
33 59 610
5 61 82
99 35 10
42 22 448
42 41 597
82 84 445
51 68 794
71 55 869
78 89 164
14 58 657
63 19 194
69 90 196
93 100 298
70 86 296
71 20 381
36 63 198
40 64 669
30 55 706
1 37 482
95 64 550
40 28 919
62 59 27
40 27 773
11 82 593
63 74 329
87 63 559
77 43 8
7 3 726
42 69 877
68 85 977
33 97 626
80 12 392
82 46 775
25 44 315
71 11 442
15 59 340
9 18 283
16 15 585
52 19 842
3 62 381
80 73 743
54 64 317
97 12 143
22 90 1000
15 95 739
1 10 582
14 70 473
57 17 267
35 48 783
41 18 71
92 74 308
81 34 344
28 32 795
1 83 291
67 37 265
67 91 181
70 67 797
87 74 352
55 41 551
90 85 525
19 43 984
90 45 327
84 46 19
6 45 93
91 17 415
43 28 466
74 47 994
96 58 74
4 32 320
89 16 381
1 3 736
21 84 440
8 99 987
45 56 132
54 36 49
18 65 255
11 89 83
56 11 68
86 73 638
69 56 894
1 82 546
55 18 693
39 83 424
11 97 356
74 32 779
17 44 225
2 30 154
76 40 79
17 16 414
11 62 745
5 80 90
64 1 55
60 82 150
64 22 2
51 20 99
75 69 534
100 33 431
66 80 492
56 27 130
70 34 34
85 35 113
97 79 434
34 22 97
75 58 525
15 27 444
33 40 771
18 49 884
20 49 877
47 61 694
37 88 24
48 53 498
37 21 298
14 62 716
13 35 44
100 95 365
43 72 816
72 36 516
32 16 577
9 19 735
88 45 147
34 60 139
65 26 973
86 16 677
46 72 325
23 67 463
84 91 109
95 17 11
25 61 927
26 96 19
47 80 819
37 3 833
19 26 908
34 89 504
81 31 153
57 85 319
62 7 522
41 14 648
59 58 7
90 38 587
64 61 112
44 7 18
74 40 223
23 100 116
58 31 685
17 2 405
41 52 987
63 90 270
11 77 635
36 41 310
22 66 745
1 100 812
12 72 752
91 98 428
30 81 940
51 35 375
38 33 357
28 24 697
4 33 384
45 1 153
40 70 881
33 20 781
69 72 155
72 10 275
51 99 592
12 67 18
2 5 49
72 39 242
41 88 98
99 74 363
41 50 686
32 61 547
10 96 847
69 5 454
16 21 553
42 44 64
22 29 107
14 1 561
60 3 644
25 24 100
43 85 301
46 59 12
29 10 241
72 37 677
49 31 330
20 89 94
4 78 445
17 29 238
49 10 228
16 40 327
83 25 869
24 58 136
4 72 348
92 94 460
40 58 93
15 67 286
80 14 332
59 85 568
59 4 520
70 11 917
38 87 245
22 67 799
38 72 865
85 79 54
85 53 73
12 61 59
38 61 106
75 33 637
83 69 721
67 33 549
39 58 11
44 40 904
17 80 36
47 16 745
29 91 883
83 12 106
38 70 820
43 44 173
83 85 256
36 50 47
95 9 211
14 5 771
47 54 76
57 89 360
44 18 105
55 15 782
77 61 534
20 34 665
69 79 11
27 17 836
43 49 710
2 82 116
58 61 499
52 32 991
19 55 818
22 36 187
98 38 167
98 11 455
47 62 747
62 88 108
5 75 525
36 81 55
64 44 294
45 96 636
26 24 174
14 82 988
60 94 864
11 16 118
55 96 354
24 11 885
73 95 859
72 29 688
45 21 348
21 82 851
64 52 601
8 25 778
57 45 183
51 79 703
62 56 200
85 41 170
82 65 364
28 35 284
7 8 14
35 64 24
31 39 10
72 34 999
55 63 284
25 82 922
91 50 922
71 88 147
19 56 870
83 86 226
43 11 98
50 92 15
98 19 139
87 36 201
60 88 251
80 2 536
3 95 331
66 82 998
37 17 755
22 25 426
7 37 257
71 64 474
46 41 468
54 57 825
5 67 598
7 19 41
1 93 720
89 85 687
48 73 575
52 34 573
1 33 984
16 13 82
70 56 27
41 37 1
73 51 301
47 3 458
64 37 52
54 29 792
93 50 461
79 37 233
25 36 475
35 24 607
50 31 269
88 96 873
27 86 847
12 40 399
32 19 399
49 100 61
81 99 862
90 53 371
29 50 774
46 36 548
73 77 377
37 98 91
35 36 914
88 14 18
23 17 838
78 10 903
59 37 708
91 58 692
89 68 9
42 36 451
98 36 933
76 59 29
77 17 501
4 65 392
12 9 121
95 1 684
80 86 193
88 53 842
62 21 365
44 45 26
80 57 504
96 99 765
26 85 413
65 11 411
29 77 949
45 77 531
50 42 790
62 25 607
66 69 843
98 3 288
15 33 252
94 81 787
27 50 561
99 32 836
94 43 973
86 75 415
15 22 24
81 27 116
2 98 852
12 23 536
57 68 686
34 82 837
14 95 42
28 87 907
46 35 915
54 7 884
63 83 447
11 76 240
41 66 615
58 98 725
50 44 995
80 67 884
21 15 299
30 15 636
61 3 735
21 68 871
52 5 44
91 39 924
5 15 599
39 51 107
58 66 395
73 63 200
42 18 21
93 73 973
11 38 528
100 96 933
53 99 543
66 91 178
26 12 186
87 89 944
5 49 199
85 10 242
98 42 185
18 4 313
32 11 303
80 69 379
45 61 776
14 67 82
74 96 558
64 2 815
57 3 971
62 75 535
53 73 79
66 73 28
98 28 775
17 36 376
93 71 323
87 62 569
83 100 352
73 24 653
91 89 715
77 24 731
18 69 13
17 6 756
83 2 678
9 49 234
27 66 254
33 6 965
90 48 942
46 99 376
59 60 370
24 79 114
11 67 977
15 75 618
11 47 758
94 5 811
5 29 591
51 27 478
51 95 798
40 6 961
4 17 448
26 42 76
16 64 751
53 66 211
45 97 903
34 56 987
72 74 39
57 46 307
76 14 966
44 81 738
10 97 175
53 77 182
28 94 190
48 28 778
55 88 399
90 74 127
18 12 744
33 39 669
91 23 95
4 89 594
7 96 697
80 78 762
17 54 888
16 41 80
88 58 543
49 4 311
15 64 429
79 84 482
58 6 629
53 52 64
19 79 420
12 79 686
97 92 479
75 41 25
17 56 96
96 47 124
8 83 285
52 56 924
65 96 818
96 25 838
76 90 231
821 537
925 758
322 554
460 63
560 685
729 183
853 460
193 306
685 118
966 123
769 217
960 660
77 677
167 957
361 715
551 855
410 358
5 609
42 577
82 954
222 514
566 592
310 301
990 561
762 11
1 224
570 652
672 274
559 323
372 89
433 466
364 928
73 182
119 984
352 67
670 939
302 555
630 272
343 963
477 735
404 727
442 13
430 687
58 57
24 770
929 583
942 450
30 821
112 279
458 397
915 177
569 147
138 272
810 247
129 351
332 565
867 881
225 755
388 169
168 778
73 904
317 65
518 419
316 830
896 3
702 94
149 522
995 824
825 674
177 45
987 600
947 442
934 793
309 913
932 715
151 629
368 623
273 965
779 590
935 138
698 18
324 60
149 878
571 802
363 848
363 697
524 238
283 808
295 935
679 761
534 260
338 385
175 903
325 148
484 338
702 515
548 994
820 783
227 950
330 339
