765
200
187
1
111
200
110
2
146
200
145
3
21
200
20
4
83
200
82
5
113
200
112
6
128
200
127
7
180
200
179
8
92
200
91
9
45
200
44
10
26
200
25
11
59
200
58
12
158
200
157
13
22
200
21
14
70
200
69
15
69
200
68
16
133
200
132
17
163
200
162
18
24
200
23
19
16
200
15
20
167
200
166
21
61
200
60
22
138
200
137
23
95
200
94
24
59
200
58
25
77
200
76
26
43
200
42
27
157
200
156
28
147
200
146
29
164
200
163
30
13
200
12
31
70
200
69
32
143
200
142
33
147
200
146
34
139
200
138
35
90
200
89
36
30
200
29
37
95
200
94
38
90
200
89
39
149
200
148
40
33
200
32
41
7
200
6
42
53
200
52
43
91
200
90
44
98
200
97
45
144
200
143
46
55
200
54
47
36
200
35
48
68
200
67
49
27
200
26
50
81
200
80
51
42
200
41
52
116
200
115
53
106
200
105
54
52
200
51
55
138
200
137
56
129
200
128
57
44
200
43
58
87
200
86
59
113
200
112
60
16
200
15
61
2
200
1
62
30
200
29
63
7
200
6
64
70
200
69
65
60
200
59
66
44
200
43
67
33
200
32
68
13
200
12
69
43
200
42
70
107
200
106
71
82
200
81
72
21
200
20
73
118
200
117
74
104
200
103
75
22
200
21
76
95
200
94
77
28
200
27
78
76
200
75
79
24
200
23
80
52
200
51
81
99
200
98
82
52
200
51
83
107
200
106
84
23
200
22
85
78
200
77
86
53
200
52
87
48
200
47
88
69
200
68
89
58
200
57
90
14
200
13
91
54
200
53
92
58
200
57
93
13
200
12
94
21
200
20
95
81
200
80
96
79
200
78
97
58
200
57
98
75
200
74
99
49
200
48
100
6
200
5
101
4
200
3
102
5
200
4
103
32
200
31
104
22
200
21
105
80
200
78
107
75
200
74
108
5
200
4
109
9
200
8
110
4
200
3
111
71
200
70
112
14
200
13
113
12
200
11
114
20
200
19
115
51
200
50
116
74
200
73
117
48
200
47
118
9
200
8
119
2
200
1
120
34
200
33
121
1
200
122
19
200
18
123
43
200
42
124
70
200
69
125
2
200
1
126
61
200
60
127
51
200
50
128
8
200
7
129
18
200
17
130
62
200
61
131
25
200
24
132
23
200
22
133
40
200
39
134
65
200
64
135
30
200
29
136
22
200
21
137
22
200
21
138
33
200
32
139
35
200
34
140
21
200
20
141
2
200
1
142
2
200
1
143
11
200
10
144
31
200
30
145
21
200
20
146
3
200
2
147
21
200
20
148
14
200
13
149
28
200
27
150
34
200
33
151
8
200
7
152
4
200
3
153
34
200
33
154
22
200
21
155
32
200
31
156
18
200
17
157
30
200
29
158
33
200
32
159
6
200
5
160
13
200
12
161
14
200
13
162
1
200
163
5
200
4
164
19
200
18
165
21
200
20
166
19
200
18
167
32
200
31
168
24
200
23
169
2
200
1
170
19
200
18
171
29
200
28
172
26
200
25
173
10
200
9
174
23
200
22
175
5
200
4
176
4
200
2
178
11
200
10
179
20
200
19
180
15
200
14
181
15
200
14
182
8
200
7
183
12
200
10
185
15
200
14
186
14
200
13
187
2
200
189
5
200
3
191
3
200
2
192
5
200
4
193
7
200
5
195
4
200
3
196
4
200
3
197
3
200
2
198
2
