200
153
168
147
64
109
42
111
102
172
143
62
163
1
186
21
129
20
119
94
57
194
4
178
14
177
195
113
197
191
108
29
33
13
76
75
35
50
71
181
190
80
112
149
53
161
48
10
23
78
97
68
77
115
3
123
99
52
17
154
156
158
141
12
58
128
104
70
137
133
7
199
22
193
200
157
45
16
166
89
134
59
79
140
116
32
88
121
118
66
192
26
39
150
51
93
124
100
92
65
155
179
183
90
139
9
87
165
136
49
24
36
2
145
98
83
44
6
5
185
38
81
167
184
148
146
132
171
72
15
138
47
174
55
162
43
151
86
25
67
196
182
198
130
169
176
54
159
144
127
188
96
105
175
27
152
63
189
41
85
60
95
131
37
107
82
106
73
160
164
114
117
91
34
11
19
173
61
125
18
110
69
84
28
180
40
31
8
46
74
170
142
56
30
135
101
103
126
187
120
122
