765
200
55
1
32
200
31
2
196
200
195
3
2
200
1
4
54
200
53
5
52
200
51
6
76
200
75
7
57
200
56
8
51
200
50
9
29
200
28
10
157
200
155
12
109
200
108
13
121
200
120
14
18
200
17
15
8
200
7
16
133
200
132
17
3
200
2
18
71
200
70
19
68
200
67
20
157
200
156
21
86
200
85
22
112
200
111
23
72
200
71
24
32
200
31
25
100
200
99
26
70
200
69
27
44
200
43
28
147
200
146
29
155
200
154
30
122
200
121
31
29
200
28
32
81
200
80
33
117
200
116
34
137
200
136
35
2
200
1
36
101
200
100
37
11
200
10
38
116
200
115
39
7
200
6
40
12
200
11
41
45
200
44
42
4
200
3
43
140
200
139
44
126
200
125
45
14
200
13
46
33
200
32
47
100
200
99
48
68
200
67
49
53
200
52
50
135
200
134
51
77
200
76
52
110
200
109
53
81
200
80
54
8
200
7
55
22
200
21
56
137
200
136
57
78
200
77
58
85
200
84
59
27
200
26
60
9
200
8
61
15
200
14
62
12
200
11
63
119
200
117
65
58
200
57
66
38
200
37
67
6
200
5
68
115
200
114
69
66
200
64
71
34
200
33
72
26
200
25
73
33
200
32
74
86
200
85
75
67
200
66
76
91
200
90
77
66
200
65
78
88
200
87
79
64
200
63
80
59
200
58
81
106
200
105
82
93
200
92
83
117
200
116
84
113
200
112
85
3
200
2
86
33
200
32
87
50
200
49
88
20
200
19
89
101
200
100
90
69
200
68
91
109
200
108
92
42
200
41
93
52
200
51
94
88
200
87
95
75
200
74
96
14
200
13
97
97
200
96
98
69
200
68
99
97
200
96
100
7
200
6
101
60
200
59
102
50
200
49
103
52
200
51
104
20
200
19
105
72
200
71
106
10
200
9
107
50
200
49
108
8
200
7
109
25
200
23
111
81
200
80
112
28
200
27
113
77
200
76
114
37
200
36
115
7
200
6
116
12
200
11
117
46
200
45
118
78
200
77
119
19
200
18
120
65
200
64
121
49
200
48
122
23
200
22
123
19
200
18
124
52
200
51
125
74
200
73
126
72
200
71
127
6
200
5
128
24
200
23
129
54
200
53
130
56
200
55
131
23
200
22
132
32
200
31
133
57
200
56
134
37
200
36
135
18
200
17
136
24
200
23
137
1
200
138
28
200
27
139
1
200
140
40
200
39
141
43
200
42
142
43
200
42
143
57
200
56
144
20
200
19
145
18
200
17
146
7
200
6
147
20
200
19
148
16
200
15
149
18
200
17
150
16
200
15
151
33
200
32
152
47
200
46
153
13
200
12
154
22
200
21
155
5
200
4
156
16
200
15
157
21
200
20
158
9
200
8
159
33
200
32
160
13
200
12
161
33
200
32
162
13
200
12
163
36
200
35
164
7
200
6
165
5
200
4
166
3
200
2
167
9
200
8
168
1
200
169
20
200
19
170
11
200
10
171
26
200
25
172
7
200
6
173
21
200
20
174
19
200
18
175
7
200
6
176
5
200
4
177
4
200
3
178
18
200
17
179
14
200
13
180
3
200
2
181
1
200
182
6
200
5
183
11
200
10
184
16
200
14
186
5
200
4
187
11
200
10
188
7
200
6
189
5
200
4
190
5
200
4
191
5
200
4
192
2
200
1
193
1
200
194
2
200
1
195
2
200
1
196
2
200
198
1
200
199
1
