200
151
31
77
42
39
157
67
79
113
129
145
99
75
152
137
50
173
20
23
122
163
7
174
37
91
24
190
13
139
115
171
59
133
118
155
88
170
183
103
22
94
158
108
180
70
71
104
81
33
52
189
80
76
78
58
49
26
54
135
184
192
66
27
19
191
148
102
197
141
14
150
93
132
146
48
125
187
195
143
136
188
154
34
8
124
96
193
87
106
6
120
131
168
121
105
175
176
179
73
47
198
166
156
89
178
12
11
25
186
128
97
69
2
10
65
64
107
185
109
82
44
116
90
101
15
30
63
153
98
119
41
61
100
55
182
68
127
140
43
138
92
3
4
84
1
17
5
53
72
9
74
123
149
28
161
110
111
142
83
60
45
130
200
177
196
35
95
32
165
56
160
29
159
134
21
117
172
62
51
114
162
46
147
112
181
199
38
167
57
194
40
164
16
169
85
86
126
18
36
144
