763
200
35
1
99
200
98
2
4
200
3
3
75
200
74
4
68
200
67
5
90
200
89
6
108
200
107
7
52
200
51
8
17
200
16
9
15
200
14
10
74
200
73
11
140
200
139
12
37
200
36
13
1
200
14
81
200
80
15
184
200
183
16
167
200
166
17
91
200
90
18
114
200
113
19
68
200
67
20
141
200
140
21
142
200
141
22
41
200
40
23
40
200
39
24
120
200
119
25
13
200
12
26
33
200
32
27
22
200
21
28
74
200
73
29
4
200
3
30
1
200
31
117
200
116
32
116
200
115
33
126
200
125
34
8
200
7
35
17
200
16
36
20
200
19
37
94
200
93
38
161
200
160
39
55
200
54
40
132
200
131
41
117
200
116
42
8
200
7
43
137
200
136
44
35
200
34
45
130
200
129
46
154
200
153
47
81
200
80
48
99
200
98
49
135
200
134
50
5
200
4
51
13
200
12
52
46
200
45
53
31
200
30
54
84
200
83
55
106
200
105
56
117
200
116
57
94
200
93
58
40
200
39
59
48
200
47
60
135
200
134
61
28
200
27
62
55
200
53
64
53
200
52
65
47
200
46
66
101
200
100
67
61
200
60
68
76
200
75
69
62
200
61
70
119
200
118
71
89
200
88
72
106
200
105
73
5
200
4
74
43
200
42
75
99
200
98
76
88
200
87
77
103
200
102
78
45
200
44
79
51
200
50
80
89
200
88
81
53
200
52
82
28
200
27
83
72
200
71
84
91
200
90
85
8
200
7
86
57
200
56
87
77
200
76
88
34
200
33
89
40
200
39
90
40
200
39
91
87
200
86
92
35
200
34
93
28
200
27
94
7
200
6
95
94
200
93
96
7
200
6
97
47
200
46
98
7
200
6
99
88
200
87
100
56
200
55
101
60
200
59
102
52
200
51
103
68
200
67
104
66
200
65
105
21
200
20
106
27
200
26
107
37
200
36
108
34
200
33
109
89
200
88
110
15
200
14
111
27
200
26
112
66
200
65
113
16
200
15
114
12
200
11
115
84
200
83
116
71
200
70
117
32
200
31
118
25
200
24
119
73
200
72
120
33
200
32
121
35
200
34
122
44
200
43
123
53
200
52
124
68
200
67
125
61
200
60
126
4
200
3
127
21
200
20
128
8
200
7
129
36
200
35
130
12
200
11
131
40
200
39
132
5
200
4
133
8
200
7
134
59
200
58
135
27
200
26
136
19
200
18
137
53
200
52
138
18
200
17
139
17
200
16
140
16
200
15
141
17
200
16
142
26
200
25
143
50
200
49
144
38
200
36
146
33
200
32
147
34
200
33
148
8
200
7
149
37
200
36
150
5
200
4
151
4
200
3
152
25
200
24
153
36
200
35
154
10
200
8
156
33
200
32
157
5
200
4
158
13
200
12
159
12
200
11
160
28
200
27
161
23
200
22
162
32
200
31
163
23
200
22
164
20
200
18
166
3
200
2
167
5
200
4
168
6
200
5
169
21
200
20
170
8
200
7
171
4
200
3
172
7
200
6
173
7
200
6
174
13
200
12
175
22
200
21
176
14
200
13
177
17
200
15
179
16
200
15
180
9
200
8
181
18
200
17
182
6
200
5
183
12
200
11
184
9
200
8
185
10
200
9
186
2
200
188
8
200
7
189
8
200
7
190
3
200
2
191
7
200
6
192
6
200
5
193
5
200
3
195
4
200
3
196
3
200
2
197
1
200
198
1
200
199
1
