200
27
106
150
13
140
113
22
85
142
128
23
45
173
94
34
67
12
112
81
42
157
145
105
56
59
146
32
77
171
148
53
160
194
5
136
66
118
58
90
108
161
11
178
170
64
63
122
123
29
101
38
15
80
179
69
98
195
82
68
103
48
185
70
130
153
2
18
165
143
166
87
132
189
6
147
121
7
175
200
55
102
162
186
164
109
65
84
177
139
4
79
19
20
124
49
91
40
137
60
119
75
25
33
104
93
72
88
181
141
89
107
159
8
184
183
193
174
83
138
126
24
21
54
62
76
57
131
41
180
92
196
111
78
144
199
100
115
129
28
120
168
96
36
172
17
52
133
152
99
10
26
97
95
127
61
187
182
110
116
30
188
39
47
14
1
73
46
192
154
169
155
114
44
156
117
37
163
50
190
149
135
71
9
125
134
86
176
158
43
35
151
74
51
191
167
197
3
198
16
31
