771
200
132
1
105
200
104
2
100
200
99
3
189
200
188
4
154
200
153
5
167
200
166
6
17
200
16
7
182
200
181
8
135
200
134
9
124
200
123
10
141
200
140
11
55
200
54
12
13
200
12
13
146
200
145
14
171
200
170
15
167
200
166
16
99
200
98
17
87
200
86
18
68
200
67
19
103
200
102
20
157
200
156
21
104
200
103
22
119
200
118
23
33
200
32
24
151
200
150
25
126
200
125
26
170
200
169
27
25
200
24
28
99
200
98
29
12
200
11
30
89
200
88
31
49
200
48
32
24
200
23
33
53
200
52
34
105
200
104
35
164
200
163
36
120
200
119
37
141
200
140
38
12
200
11
39
73
200
72
40
82
200
81
41
116
200
115
42
158
200
157
43
30
200
29
44
70
200
69
45
138
200
137
46
152
200
151
47
49
200
48
48
65
200
64
49
118
200
117
50
48
200
47
51
145
200
144
52
56
200
55
53
39
200
38
54
14
200
13
55
130
200
129
56
8
200
7
57
24
200
23
58
73
200
72
59
40
200
39
60
133
200
132
61
128
200
127
62
37
200
36
63
108
200
107
64
136
200
135
65
7
200
6
66
15
200
14
67
2
200
1
68
43
200
42
69
80
200
79
70
70
200
69
71
84
200
83
72
38
200
37
73
53
200
52
74
115
200
114
75
88
200
87
76
56
200
55
77
47
200
46
78
8
200
7
79
38
200
37
80
32
200
31
81
23
200
22
82
14
200
13
83
58
200
57
84
79
200
78
85
58
200
57
86
107
200
106
87
7
200
6
88
96
200
95
89
49
200
48
90
80
200
79
91
25
200
24
92
103
200
102
93
33
200
32
94
66
200
65
95
68
200
67
96
48
200
47
97
92
200
91
98
99
200
98
99
20
200
19
100
79
200
78
101
96
200
95
102
61
200
60
103
93
200
92
104
86
200
85
105
2
200
1
106
62
200
61
107
90
200
89
108
66
200
65
109
80
200
79
110
7
200
6
111
12
200
11
112
8
200
7
113
75
200
74
114
70
200
69
115
3
200
2
116
50
200
49
117
49
200
48
118
2
200
1
119
28
200
27
120
12
200
11
121
1
200
122
71
200
70
123
55
200
54
124
60
200
59
125
52
200
51
126
56
200
55
127
8
200
7
128
48
200
47
129
28
200
27
130
67
200
66
131
39
200
37
133
3
200
2
134
50
200
49
135
41
200
40
136
8
200
7
137
35
200
34
138
1
200
139
36
200
35
140
49
200
48
141
5
200
4
142
39
200
38
143
23
200
22
144
41
200
40
145
19
200
18
146
45
200
44
147
32
200
31
148
30
200
29
149
42
200
41
150
43
200
42
151
14
200
13
152
31
200
30
153
36
200
35
154
31
200
30
155
8
200
7
156
29
200
28
157
3
200
2
158
4
200
3
159
30
200
29
160
10
200
9
161
14
200
13
162
13
200
12
163
36
200
35
164
20
200
19
165
30
200
29
166
34
200
33
167
33
200
32
168
14
200
12
170
6
200
5
171
8
200
7
172
12
200
11
173
19
200
18
174
17
200
16
175
19
200
18
176
13
200
12
177
4
200
3
178
8
200
7
179
8
200
7
180
1
200
181
3
200
2
182
5
200
4
183
4
200
3
184
12
200
11
185
10
200
9
186
11
200
9
188
10
200
9
189
8
200
6
191
8
200
7
192
5
200
4
193
6
200
5
194
5
200
4
195
5
200
4
196
2
200
198
1
200
199
1
