200
48
23
34
85
160
80
127
32
9
187
12
91
60
37
154
125
11
54
161
184
101
92
150
115
5
100
200
166
82
44
178
137
24
182
89
58
112
128
28
25
123
105
21
195
159
199
75
131
164
168
87
15
88
93
30
66
61
116
99
139
106
68
27
47
122
65
43
1
109
94
172
185
163
180
78
120
35
107
175
188
74
95
103
129
148
29
90
136
170
71
40
17
117
18
130
84
59
31
169
3
86
41
190
140
177
2
138
191
77
165
193
197
20
97
45
22
149
173
133
49
70
132
118
157
19
153
53
144
10
72
162
155
96
69
146
143
126
51
76
73
186
124
179
26
63
42
152
81
145
174
135
198
64
14
176
50
183
171
141
147
121
114
156
151
194
110
189
192
83
38
6
33
67
113
56
46
98
16
142
55
62
111
7
196
39
13
158
8
79
57
134
4
104
108
52
102
181
119
36
167
