189
50
20
1
42
50
41
2
45
50
44
3
10
50
9
4
5
50
4
5
30
50
29
6
2
50
1
7
35
50
34
8
11
50
10
9
19
50
18
10
10
50
9
11
25
50
24
12
13
50
12
13
18
50
17
14
16
50
15
15
10
50
9
16
19
50
18
17
33
50
32
18
23
50
22
19
6
50
5
20
22
50
21
21
27
50
26
22
8
50
7
23
11
50
10
24
25
50
24
25
11
50
10
26
23
50
22
27
9
50
8
28
13
50
12
29
2
50
1
30
18
50
17
31
13
50
12
32
9
50
8
33
15
50
14
34
10
50
9
35
3
50
2
36
8
50
7
37
11
50
10
38
7
50
6
39
5
50
4
40
6
50
5
41
2
50
1
42
5
50
4
43
7
50
6
44
4
50
3
45
2
50
47
1
50
48
1
50
49
1
