370
100
83
1
68
100
67
2
22
100
21
3
71
100
70
4
4
100
3
5
88
100
87
6
56
100
55
7
67
100
66
8
90
100
89
9
41
100
40
10
56
100
55
11
75
100
74
12
52
100
51
13
67
100
66
14
80
100
79
15
24
100
23
16
78
100
77
17
34
100
33
18
75
100
74
19
28
100
27
20
71
100
70
21
54
100
53
22
39
100
38
23
17
100
15
25
43
100
42
26
4
100
3
27
23
100
22
28
28
100
27
29
2
100
1
30
65
100
64
31
31
100
30
32
43
100
42
33
5
100
4
34
57
100
56
35
58
100
57
36
45
100
44
37
2
100
1
38
48
100
47
39
58
100
57
40
41
100
40
41
24
100
23
42
20
100
19
43
4
100
3
44
39
100
38
45
20
100
19
46
27
100
26
47
15
100
13
49
27
100
26
50
31
100
30
51
28
100
27
52
32
100
31
53
39
100
38
54
46
100
45
55
25
100
24
56
15
100
14
57
39
100
38
58
42
100
41
59
33
100
32
60
22
100
21
61
25
100
24
62
21
100
20
63
32
100
31
64
32
100
31
65
7
100
6
66
20
100
19
67
25
100
23
69
26
100
25
70
9
100
8
71
19
100
18
72
7
100
6
73
5
100
4
74
25
100
24
75
4
100
3
76
18
100
17
77
2
100
1
78
10
100
9
79
11
100
10
80
18
100
17
81
19
100
18
82
15
100
14
83
7
100
6
84
7
100
6
85
9
100
8
86
2
100
1
87
5
100
4
88
4
100
2
90
8
100
7
91
2
100
1
92
2
100
1
93
5
100
3
95
1
100
96
2
100
1
97
2
100
99
1
