2000
536870912 500000000 2
780628804 84 750872081
1 500 500
889764896 32 781502831
387420488 18 387420489
500000000 18 536870912
571018805 49 823220833
1 3 387420488
1 3 18
536870911 500 1000000000
592771713 65 340760949
967817912 75 212961489
44427794 83 301795349
76200487 68 808727994
182013193 36 342697878
500 536870911 536870911
3 387420488 536870912
97626381 61 503122556
707037387 40 734786381
387420489 536870912 1000000000
536870912 3 1
2 1000000000 500
500000000 500 536870912
1000000000 18 536870912
3 536870912 18
387420488 500000000 2
721642175 38 854024541
1000000000 387420488 500000000
536870912 500 1
387420489 18 500000000
1000000000 2 2
18 536870911 2
536870911 1000000000 18
156578037 19 354848724
382060684 46 123650635
826647674 41 225198856
58167621 93 349677673
1000000000 3 1000000000
536870912 3 18
3 18 18
500 500000000 2
834804169 28 834875471
3 536870911 500
400102453 86 447290968
387420488 500000000 536870912
767483318 82 722167572
3 536870912 3
387420489 500000000 1000000000
239225404 21 927193351
1000000000 387420488 2
500000000 536870911 2
149466133 69 131694364
2 2 500
3 536870912 500
500000000 500 500000000
536870911 500000000 500000000
387420488 387420489 500
3 1000000000 500000000
1 1000000000 500000000
148139773 4 592883299
536870911 500 387420489
536870912 1000000000 2
219878158 20 87556232
171888218 7 466448770
2 500 18
1000000000 1000000000 1000000000
812433751 2 628342392
333493769 75 91153637
18 536870911 18
2 500 387420489
18 536870911 536870911
387420488 500 387420488
696193149 83 962068931
194007221 96 23513110
500 536870911 387420489
500 2 536870911
536870912 536870912 536870912
941599328 57 988960389
1000000000 536870911 500000000
207666767 21 352644475
18 1000000000 18
821017071 38 11415216
536870912 2 500000000
757294293 22 368077410
1 536870912 18
199590037 93 161495586
2 536870912 3
3 387420489 536870912
500000000 2 3
1000000000 387420488 536870912
396200091 28 772747341
107483020 89 285314888
2 387420488 1000000000
431166487 72 357668949
1000000000 2 536870912
1 1000000000 387420488
519656246 8 315433131
387420488 387420488 2
2 387420489 1000000000
18 1000000000 2
500 500 500000000
449527229 81 437041014
177313184 47 659425725
1000000000 536870912 3
387420489 1000000000 2
536870911 500000000 536870911
500 387420489 536870911
1000000000 3 500000000
165853912 94 185975160
798628077 78 593704350
536870912 536870911 1000000000
542819478 32 510645525
3 536870911 18
222702008 100 416090448
500 387420488 2
3 2 1000000000
2 3 500000000
790943038 4 148550622
204568120 13 580935497
983697167 37 245429500
387420489 387420489 1
566774307 45 517088561
387420489 1000000000 500000000
449665339 45 100974955
943953114 86 886759805
536870912 500 2
536870911 500 536870911
1 387420489 3
904650008 78 859739333
3 387420489 387420489
610461822 88 73077271
2 500 1
626531042 15 766233620
387420489 500 1000000000
394702735 2 16952388
18 500000000 500
2 18 387420488
536870912 500000000 387420489
755720907 2 17497891
1 387420488 2
500 387420489 2
2 18 387420489
507657502 52 99131754
914223522 97 6664301
387420488 536870911 500000000
716936224 100 440451294
1 500000000 387420489
2 3 500
387420489 387420488 387420489
18 18 500
911585591 20 900185571
500000000 536870912 1000000000
82583693 66 456741445
367266453 45 270845225
2 3 387420489
804230364 67 692482075
18 536870912 2
18 387420488 1
3 387420489 1000000000
269446382 51 447423191
21264624 13 142246123
130544610 40 507159001
4971905 92 944508867
846228918 23 375233011
387420489 536870912 536870912
536870912 2 18
387420489 2 2
937372289 50 20851482
944336659 69 54319385
1000000000 387420489 1000000000
125076697 14 744404108
400205318 14 371284101
812192358 10 60652179
248205541 13 468478995
18 536870912 536870911
783373197 80 781909485
536870911 2 1
387420489 536870911 1
161222304 99 289938626
290144185 79 332163400
387420489 18 536870911
500000000 500 1000000000
387420488 3 18
430955449 28 471589267
1 1000000000 536870912
849582379 6 657679137
889287639 14 363650948
536870912 2 387420488
626170458 17 189843310
352672724 82 842095479
387420488 387420489 1
536870911 500 3
500 536870912 500000000
371713730 88 750926747
2 2 18
765382216 61 455819594
763589377 46 44030646
949279298 79 984247829
387420488 18 536870911
536870911 3 536870911
47271089 68 885947741
213225953 90 456097564
387420488 1000000000 500000000
957476798 42 795588768
2 536870912 387420489
1000000000 1000000000 387420488
3 3 536870911
669646023 46 557962153
2 536870911 2
18 500 3
895582206 87 350228007
186054371 10 130356593
500000000 536870912 1
37384374 6 447931189
814442801 50 854379752
617771039 95 499985126
875449018 96 439374772
323375060 69 915489904
900244403 42 806624230
387420489 536870911 1000000000
3 500000000 536870911
772167544 20 776848701
387420488 536870912 536870911
387420488 387420489 2
754385426 70 116992903
536870911 536870911 500
387420489 500000000 536870912
217504548 43 167518778
500 500000000 500
3 387420488 1
468518402 21 419911479
1000000000 2 500
657691031 27 559642410
536870911 536870912 3
76145864 85 41605014
1000000000 1000000000 500
17898519 95 943774889
536870912 500000000 536870911
500000000 1000000000 3
397888289 69 459937534
142484303 94 897371892
536870912 2 2
18 536870912 387420488
500000000 536870911 3
963457638 37 746217574
618163450 8 418098414
1000000000 3 387420489
3 536870912 387420489
146825014 45 278444635
122274791 97 881289945
3 2 1
706107150 77 935456395
1000000000 2 1
536870912 536870911 1
455831895 72 182742216
387420489 536870912 3
3 2 18
463749988 97 384629713
2 500 500
387420488 387420488 387420488
1 18 387420488
500000000 500000000 387420489
3 3 536870912
536870911 500000000 1000000000
3 3 387420489
1000000000 536870912 536870912
3258121 43 865677189
536870911 500000000 2
1000000000 536870912 536870911
18 387420488 500000000
536870911 536870911 3
892845476 97 145643924
683922954 100 467107847
500 500 536870912
387420488 387420489 3
18 536870911 500
3 387420488 500
1000000000 2 387420489
18 3 500000000
536870912 387420489 536870912
302766936 4 381553535
994755167 33 81619347
2 1000000000 18
1 387420488 536870911
387420489 1000000000 500
245530436 40 593893525
594838998 72 644798959
139532940 6 539791810
536870911 500000000 3
500000000 18 18
536870912 18 2
847102388 59 783424617
795827629 44 498910265
387420488 18 500
500 18 2
18 500000000 2
1 2 2
2 3 3
2 18 3
255699988 31 90342018
387420489 2 536870911
663279924 27 955904999
593872274 47 909088244
500000000 1000000000 1
500 500000000 387420489
889056716 34 594146422
387420489 536870912 500000000
387420489 3 1
3 536870912 500000000
387420488 1000000000 3
531922805 83 358349007
245717101 27 760909722
735517712 85 702203688
1 536870912 536870912
536870911 387420488 500000000
387420488 536870911 18
668007486 72 364072395
837019892 37 322297277
782522643 33 940774390
18 1000000000 536870912
536870911 387420489 500000000
752260824 74 846618477
387420488 500 18
751860108 39 779509992
90797187 63 926745128
500000000 1000000000 2
3 536870911 2
387420488 1000000000 1000000000
536870911 1000000000 536870912
675870261 83 603199018
536870912 500 1000000000
1000000000 500000000 2
816009738 38 828827672
500 3 387420489
394229827 69 242545131
524651259 91 116455915
487968878 57 801497305
500 2 18
764586202 19 56931562
18 3 387420488
500000000 500 3
231435900 99 577823674
2 500 536870912
18 18 18
3 18 1
977246799 17 807351776
1000000000 18 18
683220608 70 530431246
536870911 387420488 1000000000
387420489 387420488 1
1000000000 18 387420489
910160376 82 528676817
3 387420488 2
2 3 1000000000
387420489 2 3
211107308 80 731198248
2 3 536870912
18 1000000000 500
527315944 33 617280652
1 536870911 1
572279202 84 932241919
819470096 6 176526569
810062646 53 661566195
387420488 1000000000 536870912
186150269 20 981804612
1 500000000 1000000000
316470059 42 705978390
500000000 387420488 387420489
1000000000 536870911 3
387420488 536870911 536870911
536870911 1000000000 500000000
539230918 55 266917277
3 3 3
2 2 536870912
536870912 536870911 387420489
536870911 3 1
18 387420489 1
3 500000000 1000000000
504334029 59 784337794
1000000000 500 18
1000000000 500 387420488
387420489 536870912 500
295319128 61 772588078
536870911 18 1000000000
839382008 26 883264814
167504141 77 351738362
536870912 536870911 536870911
3 1000000000 536870912
426145964 73 247845967
257660863 98 918169358
2 536870911 536870912
536870912 500000000 1000000000
1000000000 500000000 536870912
387026148 84 199758724
301471652 79 979211140
168651831 91 890113482
387420488 2 2
3 536870911 387420489
326967691 33 996314094
500 536870911 1000000000
351259621 54 474521101
280722708 57 358814294
536870912 387420488 18
2 18 500
18 536870911 387420488
381863525 87 759528361
735683311 68 409126684
3 2 3
387420489 18 1000000000
3 500 536870911
536870911 387420489 1000000000
1000000000 536870912 18
536870911 500 536870912
905880942 45 931122116
888842670 26 826210590
536870911 3 1000000000
18 2 387420489
422209251 13 241923288
114504780 77 173136987
2 387420489 536870911
500000000 387420488 536870911
174729563 23 871245056
874804034 80 386404287
1000000000 1000000000 1
99106275 12 285256598
18 387420488 536870911
387420489 500000000 500
293796659 77 754029551
619505724 91 853910304
466918010 52 31416853
387420488 500 536870912
3 387420489 387420488
3 1000000000 387420489
536870912 1000000000 387420489
536870912 536870912 1
500000000 3 1000000000
603062806 38 85946327
261940117 50 860449757
2 387420488 500000000
500 387420489 536870912
726032235 97 239805770
387420489 387420488 3
227253040 10 269592396
423584979 44 657517532
1000000000 1000000000 2
33846743 82 746351146
374020389 42 103157713
500 1000000000 2
536870911 500 1
387420488 536870911 500
931631950 39 361746184
491098774 52 604842223
3 3 500
387420489 3 1000000000
18 3 3
644829398 41 738114576
1 500000000 2
387420488 500000000 1
500 387420489 1
617016264 68 245268247
384376682 72 844923352
31922548 75 389488716
213687629 64 156954536
536870911 387420488 387420489
18 3 1000000000
387420488 536870912 500
159255020 28 959054109
18 387420488 18
192215261 88 871683117
500000000 387420488 500
536870911 536870912 536870911
387420488 387420489 387420489
500 18 18
132783390 94 311329049
3 500 536870912
130224624 33 161764977
780093282 59 186653906
462502559 36 917941685
554965984 46 863476877
1 387420488 536870912
714433234 56 435905394
113056490 6 639353666
1 500000000 1
1000000000 536870911 1
631956235 99 900662641
686435325 89 519158075
387420489 500000000 387420488
387420488 500 3
924219637 89 657746313
387420488 536870911 387420489
3 500000000 500
924606454 76 290408377
536870911 18 500000000
395940853 35 426284362
217195053 34 5749915
500000000 18 1
177245799 25 807666628
500 387420488 500000000
1000000000 536870912 387420489
500000000 1000000000 18
387420489 536870912 1
76467048 41 861437835
500 500 387420489
509207094 70 931283962
310290665 96 411443701
387420489 387420489 387420489
387420489 536870911 500
195605200 97 781710755
416964761 76 653039042
1 500000000 536870911
500000000 1000000000 536870911
718336852 29 719033184
536870912 18 3
508278776 12 302589089
3 387420489 3
18 387420489 18
500 500000000 1
587878034 35 873927735
536870911 536870912 1000000000
723975463 43 850919905
810391608 68 19243954
644152727 70 394082847
536870911 1000000000 2
1 536870911 3
77374108 18 441922349
249047637 93 487713333
1 500 1
361110973 96 999544082
1000000000 536870912 1000000000
1000000000 500000000 500
1000000000 500000000 387420488
880648895 59 699879152
402727827 91 664676428
1 18 2
1 2 500000000
18 536870911 387420489
431872864 56 655298083
826850850 35 697820059
3 387420489 1
500 500 500
536870911 536870912 2
387420488 18 3
7574145 66 232414546
536870912 2 387420489
705566073 21 99981219
733151305 51 646287373
363018300 26 532904174
878401091 21 879276527
1000000000 2 500000000
251543383 94 229861973
500000000 387420488 1
387420488 536870911 1000000000
2 500000000 387420489
500 3 3
536870911 18 536870911
806819717 6 813487369
769460492 41 49056460
536870911 2 536870911
692803302 33 560807609
3 2 500
3 3 1
260750710 18 413964888
202241073 26 939370189
447821315 39 130848889
500000000 3 3
718826552 22 54007160
470871408 30 325727357
500 18 536870912
18 500 18
819959882 100 863875895
441614028 60 713215028
1000000000 18 1
500000000 387420489 1000000000
18 387420489 2
2 18 1000000000
1 387420488 1000000000
18 18 500000000
569870362 41 751737865
500 500000000 536870912
1 500 500000000
387420489 1000000000 3
500 387420489 3
536870911 387420489 536870911
1000000000 536870911 536870912
3 500000000 387420488
500 1000000000 500
930223265 46 98942818
387420488 2 500
96626217 45 421162351
90948772 75 468854265
387420488 500000000 500
536870911 387420489 3
1000000000 387420489 536870911
864591933 46 961413811
536870912 500 18
500 3 18
590113769 85 816284504
177175676 12 376914158
500 536870912 1
387420489 500000000 3
156981114 57 936349116
536870912 3 1000000000
536870912 387420489 387420488
500000000 500000000 2
726147111 39 656394570
536870912 536870912 1000000000
387420489 387420488 2
70337634 98 367295901
240017487 41 294168939
500 3 387420488
906408905 7 143615684
523707625 93 933691496
484021251 27 491291563
1 536870911 500
208615915 40 262664507
765554306 5 172239290
387420489 387420488 500000000
86227247 42 30008620
540572959 35 717853318
45572089 99 734209243
500 18 500000000
2 536870912 18
868898630 64 157606247
556138257 60 385598877
1000000000 536870911 387420489
536870912 500000000 500
387420489 3 18
754515325 62 96138444
3 387420488 18
1 2 387420488
387420488 500000000 18
397413309 63 840086549
18 18 3
500000000 536870911 500
387420488 500000000 500000000
1000000000 536870912 500
500000000 18 2
963293774 14 352374571
18 1000000000 387420488
536870911 387420488 387420488
1 500000000 500000000
500 500 18
536870912 387420489 18
2 536870911 500
387420488 3 536870911
832841372 89 260196418
3 536870912 1
2 387420489 536870912
1 387420489 2
387420489 387420489 536870911
748360930 29 3104266
1 3 3
536870911 18 387420488
500000000 536870912 536870911
387420489 18 387420489
794298958 78 548563817
775279055 50 842736480
387420488 536870911 2
989064199 74 512823402
1 2 500
745000829 21 384038105
660246386 9 956408138
1 500000000 18
536870912 1000000000 3
18 2 387420488
500 2 1
3 3 18
3 2 500000000
865127919 7 663226260
536870912 536870911 18
355085434 51 847551586
884207723 33 316954556
1000000000 536870911 500
500 387420488 500
3 500 500
466643598 88 469405013
2 3 18
707428600 67 378691148
387420489 536870912 387420489
500 536870912 536870911
500000000 500 536870911
1 3 536870911
536870911 3 3
387420489 536870911 2
648176544 58 958921884
387420488 536870912 18
851901267 61 417816996
1000000000 1000000000 536870912
387420489 387420488 18
387420488 2 387420489
1000000000 387420489 387420488
18 18 387420489
500000000 3 387420489
2 387420488 536870912
1000000000 387420489 1
536870911 3 500
177187033 88 253428908
453319648 91 773289609
481540600 18 662182785
500 3 1000000000
387420488 536870912 387420488
385281909 16 274591305
500 500000000 18
934889270 16 416269043
472027837 11 344240749
18 3 1
500 3 2
536870911 387420488 536870912
387420488 1000000000 500
325081119 6 823813079
201836422 71 217865097
861854946 78 570248555
619680751 39 640402457
135569712 10 841826556
1000000000 500 500000000
536870912 18 500000000
2 387420488 2
112418713 73 78229063
1 536870911 18
833470269 97 577879944
536870912 387420489 2
18 18 1
18 18 387420488
387420489 500000000 2
536870911 536870912 387420489
996443957 68 333207192
946812902 93 687727456
753343148 34 804857848
536870911 18 500
1000000000 500000000 536870911
536870912 387420489 3
6797184 11 295067442
2 18 536870912
387420488 1000000000 387420488
387420489 18 18
3 536870911 3
188544680 9 444231969
387420488 536870912 1000000000
387420488 18 1000000000
1 387420488 387420488
474148785 25 52936234
161644008 78 266165048
500000000 387420488 2
346298997 81 500322030
3 18 536870911
500 1000000000 536870912
387420489 3 387420488
1 500000000 536870912
536870912 387420488 536870912
2 500 500000000
1 536870911 1000000000
317771469 49 739302000
18 1000000000 3
500 2 387420488
25472976 69 800347393
500000000 500000000 500
18 387420488 387420488
558288325 58 910707167
59019268 38 450397582
18 536870912 18
1000000000 3 1
296157700 54 693811549
1 2 3
3 387420489 18
588617720 89 709295312
662812848 13 791992863
189122649 99 249277028
376694552 7 611858202
18 2 2
500000000 3 18
18 3 387420489
510727654 25 999732387
387420489 500 536870911
313594294 50 327326192
1 536870911 536870912
220062856 69 522262826
352908035 74 961013150
753689093 49 864721155
1 18 18
1 18 500
500000000 536870912 536870912
93683110 18 654550668
2 3 387420488
500 536870912 2
1 1000000000 536870911
1 387420489 387420488
32112347 73 181702146
500000000 500000000 387420488
306759723 76 499775840
770833123 69 281718534
1000000000 1000000000 387420489
536870912 500000000 500000000
845684955 48 992319921
18 500000000 536870912
272642314 3 568413957
3 18 3
387420489 18 3
2 1000000000 3
500 18 1
693891243 55 761139167
536870912 500 500
536870911 387420489 387420488
536870911 500000000 1
1 387420489 500000000
479827874 66 454682219
387420488 387420489 18
625780380 21 173453973
500000000 3 536870912
771354561 41 491784420
500 536870911 536870912
1000000000 387420488 18
887891995 78 255918583
2 387420489 500
165812887 48 442179087
18 387420489 536870911
387420489 1000000000 18
342002196 12 502955965
536870912 536870912 387420489
2 500000000 18
536870912 536870911 500000000
387420488 536870912 2
635794668 6 195237061
837040014 44 405350786
387420488 500 387420489
2 387420489 1
387420489 387420488 500
29440585 33 18375968
1 536870912 2
2 500 536870911
795074599 11 240507655
667532021 75 961137416
561924656 72 805253977
387420489 1000000000 387420489
1000000000 536870912 1
500000000 387420489 536870911
2 2 500000000
1000000000 500 1
1 387420489 1
1 2 536870912
18 500000000 3
2 18 18
1000000000 500 387420489
761572162 8 908809868
18 3 500
3 387420488 1000000000
641346115 62 325929094
445620914 38 556953382
500000000 1000000000 387420489
536870912 18 536870912
358784460 28 876732108
25005311 73 662728490
371968134 71 997098798
18 3 536870911
3 536870912 536870912
414684352 82 28482816
358642088 87 838924375
536870911 536870911 536870911
18 387420488 1000000000
387420488 18 2
477803351 32 767991974
18 500 500
49552304 90 696617657
739947784 40 172556687
78499746 16 890045165
387420489 2 387420488
1000000000 500 2
536870912 387420488 500
18 387420488 2
1000000000 18 3
438866897 36 202621205
683152619 99 309081995
861223530 79 380190897
3 536870911 536870911
18 536870912 536870912
18 387420489 387420489
551504946 97 982088505
1 387420489 500
536870912 1000000000 536870912
387420488 387420489 536870912
387420488 18 500000000
247142326 92 301611848
511264185 58 355554934
3 18 500000000
1000000000 2 3
846469379 7 217936623
913041716 61 587532360
1000000000 1000000000 500000000
146094927 58 504005069
387420489 387420488 536870911
2 536870912 536870911
500 2 500
590990600 52 636112232
536870911 500 500000000
1 3 1
21560235 97 332307657
3 1000000000 2
387420488 3 387420488
1000000000 387420488 387420489
500000000 536870912 2
500000000 387420488 536870912
500000000 387420488 1000000000
500000000 500000000 536870912
1000000000 18 500000000
536870911 387420488 500
536870912 500 387420488
536870912 3 2
988047471 100 757215369
2 536870911 387420488
2 500000000 536870912
500000000 500000000 1000000000
776482037 85 959434176
1 2 18
536870911 2 18
3 3 500000000
480544075 48 787515780
387420488 500000000 1000000000
536870912 387420488 536870911
1 3 500
18 500000000 18
43490440 2 732255823
385253138 38 873384621
18 3 2
2 1000000000 500000000
696176708 52 957659514
387420489 3 536870912
500000000 2 2
534963283 96 923366601
280684416 47 734758048
536870912 536870912 536870911
387420488 536870911 1
795307285 43 960556320
387420489 2 1000000000
35288093 55 324467360
598372434 89 239316608
2466482 68 174641477
613479033 81 685092039
536870911 1000000000 1000000000
536870911 1000000000 3
259046594 100 347524753
536870912 500000000 536870912
536870911 536870912 500
18 1000000000 536870911
500 500000000 1000000000
789070490 77 815944400
536870912 387420489 1
3 1000000000 3
769936607 64 884595847
500 387420488 1000000000
3 387420488 387420488
2 387420488 18
536870911 387420489 1
3 387420489 536870911
1000000000 3 3
393095825 12 394688412
2 387420488 536870911
386300822 2 333847247
893592001 99 966376787
387420488 1000000000 18
357892561 43 528577839
500 18 387420489
676712449 52 243746999
1 387420489 18
500 2 387420489
2 1000000000 387420489
1 3 2
365686629 31 57546568
500000000 18 387420488
2 387420488 387420488
752981989 39 4886122
2 500 1000000000
670509788 12 472045926
552893296 35 265466215
387420488 3 387420489
500 536870912 387420489
1000000000 536870912 500000000
1 536870911 536870911
335383245 34 323959579
442171561 98 62523687
500 536870912 387420488
1 1000000000 1000000000
914376864 30 863856141
3 3 387420488
500 536870911 18
750337723 81 628153334
2 387420489 18
82864515 25 642826665
318257693 41 253601199
387420489 536870911 18
60674919 42 652203279
500 2 500000000
387420488 3 1
2 387420488 387420489
410521861 29 165376871
2 2 1
1 1000000000 3
1000000000 3 18
387420488 536870911 387420488
633845950 51 370866361
2 2 1000000000
659392606 27 736432698
3 500 1
387420488 536870912 387420489
3 18 1000000000
2 18 2
392449259 30 164627902
1000000000 387420488 3
514946841 62 269812358
18 3 536870912
500000000 500000000 3
18 500000000 387420488
607911775 72 704030609
332757106 94 643228465
1 500 18
113205508 97 453199059
500 387420488 387420489
500 1000000000 1
468043783 81 178818760
380445279 91 957483429
488189809 89 739914411
1000000000 500 1000000000
536870911 536870912 536870912
500 500 1000000000
191551908 8 476870446
536870912 1000000000 387420488
387427333 58 779441095
2 500000000 536870911
420721677 23 606895054
6323059 95 281041011
500000000 2 536870912
536870912 3 536870912
387420488 2 3
387420489 536870912 18
1 536870912 387420489
500000000 500000000 500000000
1000000000 536870912 2
500000000 500 387420488
908323591 79 825373288
536870912 536870911 387420488
2 387420488 3
1000000000 500000000 500000000
1 536870912 1
536870912 2 536870911
909526900 74 266016732
500 2 3
563062193 3 547195902
455545340 4 203558897
387420488 387420489 1000000000
586067780 61 108288043
1000000000 500000000 1
512069162 77 159430188
500000000 536870912 500000000
174526222 73 699510376
536870912 387420488 1
500 536870911 3
835225166 49 827812589
600854836 25 93492299
387420488 500000000 387420488
1000000000 536870911 1000000000
536870912 18 500
153482810 36 561364459
2 3 1
500000000 536870912 18
680442094 19 65835771
92064039 87 920049934
500000000 500000000 18
1 1000000000 387420489
387420489 500 500000000
497490714 94 145050276
943338303 22 904612857
2 536870911 3
264005978 65 717313603
2 1000000000 2
536870911 18 536870912
799096290 42 876163927
536870911 500 387420488
500000000 2 387420489
411734252 78 35575479
1 500 3
18 1000000000 1000000000
1 3 1000000000
3 500000000 387420489
1000000000 500000000 387420489
3 500 387420489
754274668 100 114666383
500 536870912 536870912
536870912 3 387420488
977962679 22 538656763
387420488 1000000000 536870911
338224830 59 171758255
854726379 44 156178
816112085 66 564877467
213405813 24 356717137
843198509 88 40518305
317323718 71 673421828
500000000 1000000000 536870912
387420489 2 18
206451516 45 259132999
9213394 30 152306348
2 536870912 536870912
536870912 2 3
500000000 3 387420488
536870912 18 536870911
1000000000 500000000 1000000000
3 387420489 2
607831204 24 615765545
785739292 29 813708696
500 536870911 500
3 1000000000 500
500 536870911 2
78623547 83 209988488
441190194 25 880220012
536870911 387420488 1
122129423 52 234296396
3 536870912 387420488
438022506 3 639046965
3 500000000 18
387420488 18 536870912
409038659 53 127582832
765569837 90 919372624
387420489 500000000 1
307610215 17 375471960
3 2 387420488
2 3 2
1 500000000 500
2 536870912 1
536870912 1000000000 500000000
500000000 500 500
453450618 81 185312753
387420488 18 1
536870912 536870912 2
500000000 2 387420488
1000000000 387420489 500000000
1000000000 2 536870911
500000000 500 2
536870911 536870911 2
2 1000000000 536870911
43664031 14 500886643
18 1000000000 387420489
746927570 36 640666783
536870911 536870911 536870912
387420488 387420489 387420488
254746166 7 192418819
181882534 100 83817694
500 500 2
536870912 387420488 387420489
387420489 500 500
500000000 1000000000 1000000000
1 500000000 3
476240793 27 621071023
775808872 25 197637526
536870912 387420488 500000000
3 500 18
478703643 31 405329427
259939896 53 961880274
18 536870912 387420489
500 387420488 18
793451765 81 52413224
383182767 76 207537268
625046312 18 417912003
500000000 387420489 387420488
536870911 500000000 387420488
564585751 27 4620093
1000000000 18 1000000000
51319877 79 904808992
387420488 2 18
147353520 39 739543767
536870911 536870911 387420489
1 387420489 536870911
536870912 500 536870912
522963818 16 584241553
387420489 1000000000 536870911
2 387420489 3
753987251 28 961590566
387420488 500 1000000000
518848305 32 760049113
387420489 1000000000 536870912
743861835 62 221381802
435701602 90 688468094
577593001 24 992846815
1000000000 1000000000 3
27217363 5 314247979
526240211 99 384276630
245076985 23 272225889
500 387420488 536870911
18 387420489 536870912
7185330 45 40276181
820525069 18 249795695
500 387420488 3
189342021 37 582503999
536870912 536870912 18
2 387420489 500000000
128709223 74 704268271
500 2 1000000000
341716803 41 279352287
738775058 56 986163560
3 500 387420488
492366458 18 525536064
18 500000000 1
889072146 59 416741338
1000000000 2 387420488
536870911 1000000000 387420488
500 500 536870911
765100029 28 824291603
18 18 2
269915005 88 28144870
834508928 64 661103470
500 3 500000000
182824297 6 416045045
485467987 71 547976332
609678997 47 92377702
536870911 387420489 2
387420489 387420489 536870912
471278146 74 316675292
997303332 57 455560027
347941879 65 80139034
315272992 85 769853820
18 387420488 536870912
500000000 536870912 500
536870912 18 18
500000000 3 500
500000000 18 3
536870912 3 500
412579122 92 618476325
500000000 387420488 500000000
387420488 18 387420488
1 536870912 500000000
500000000 387420488 18
956952590 45 811741095
981339065 22 543684998
536870912 387420489 536870911
408151625 32 360144250
577374228 86 467043734
18 387420489 3
1 536870911 387420488
172963974 24 871495202
18 1000000000 500000000
2 500000000 1
397942004 30 306829641
387420488 387420488 500
282389049 69 212501070
2 536870912 1000000000
900634302 48 551202606
536870911 1000000000 1
536870912 387420489 500
441496668 30 391787694
363334531 43 941241140
334886429 24 34332186
1000000000 387420489 500
15721417 71 100877513
1 387420489 387420489
218390421 9 593871085
48312377 76 250343797
387420489 3 387420489
536870912 2 500
287650399 16 238100855
536870912 536870912 500000000
536870911 500000000 536870912
509208452 31 602700593
1 536870912 387420488
287462390 56 151534499
400039007 26 561294374
404342659 100 431397091
3 387420488 387420489
387420489 387420489 1000000000
93361599 15 733156135
855847799 18 57164664
528318729 70 297498104
387420489 387420488 1000000000
536870912 500000000 387420488
18 2 18
329390208 2 163776324
605778364 7 96342872
500 18 536870911
536870911 18 18
536870912 536870911 2
178818063 18 240921239
745336235 41 814860612
387420489 500 3
268868383 10 788433860
336761496 41 389296506
536870911 18 1
1000000000 3 500
500000000 3 536870911
2 18 1
230708049 17 594891046
606820355 73 312197139
500000000 536870911 1000000000
387420489 536870911 3
70443272 100 46712879
344386833 80 97437258
917033036 41 551243891
387420489 536870911 387420488
226685400 34 7874333
536870912 387420488 3
783658178 46 6869895
536870911 3 18
3 500 500000000
1 500 2
18 18 536870912
534650553 9 297546091
1000000000 500 536870911
585401575 43 547118
3 536870912 536870911
18 18 536870911
1 2 1000000000
591291278 83 789603638
536870911 3 2
387420488 387420488 387420489
18 536870911 1000000000
3 18 387420488
977314764 61 128930291
278229773 70 571009377
500 536870911 387420488
655091794 79 706673264
500000000 500 1
18 387420488 500
18 387420489 387420488
339754404 15 973280658
1 500000000 387420488
500 18 3
500000000 1000000000 387420488
500000000 536870911 500000000
48783689 55 855877523
500000000 18 500
387420488 387420489 500000000
500000000 2 18
448416090 91 885938561
871715714 36 800338131
3 18 387420489
129819406 45 800049544
953696797 18 934288291
726142920 99 123879983
536870911 3 387420488
1000000000 387420489 18
387420488 3 3
2 536870912 500000000
387420489 387420489 500
53021144 59 370850591
990411433 28 248081477
63791889 15 964040738
500 2 536870912
2 2 387420489
500000000 387420489 536870912
1 18 3
500 387420488 1
788621696 74 149724899
536870912 536870911 3
1000000000 500 500
959694907 98 73067284
2 536870912 500
536870912 18 1000000000
183579310 96 165341186
536870912 387420489 387420489
536870911 3 536870912
387420489 2 500
691732860 72 169314774
500000000 536870911 536870912
1 18 536870911
536870911 387420488 3
249302242 13 727624442
187120634 10 617212114
536870911 500 2
18 2 500000000
387420489 500 387420488
500 500 3
536870912 3 536870911
910004700 54 964340572
255287402 48 275941485
472407284 6 255686144
782882338 50 215573247
813669114 63 490972282
857778827 81 757811634
975707463 16 649685269
387420489 536870912 536870911
536870911 536870911 387420488
536870911 18 387420489
3 500000000 1
302043351 75 155811394
3 500000000 2
1 387420488 18
387420488 500 2
770357796 72 888156620
856650433 36 610175
387660590 42 525608259
387420489 2 1
2 387420488 500
358911044 89 57668606
451907750 48 865479127
387420489 536870911 536870911
387420489 500 1
18 536870911 3
536870912 500 500000000
1000000000 536870911 2
466786654 23 730014222
577160888 20 317304629
2 500000000 500
536870911 387420489 500
2 1000000000 387420488
682225672 15 700611200
656439025 87 815255725
536870911 387420488 18
65064945 93 913501729
494613422 30 138433292
387420488 536870912 500000000
2 2 3
18 536870912 3
786875702 12 830577947
387420489 500000000 536870911
500 387420488 536870912
3 500000000 500000000
387420489 18 1
3 1000000000 1
26798156 33 136319143
815136027 22 835670522
387420488 536870911 536870912
490117951 37 938373585
297927883 6 841695164
387420488 2 536870911
536870912 1000000000 536870911
387420489 387420489 500000000
536870911 500 500
3 1000000000 18
500 387420489 387420489
90916430 50 283889968
46140980 12 290110561
500000000 1000000000 500000000
2 387420489 387420489
32948948 79 248340413
791804192 51 575054851
1 536870912 500
500 500000000 500000000
500000000 387420489 1
536870911 536870912 18
500 500000000 536870911
1 387420488 500000000
77477760 5 356583555
742949323 63 792116924
536870911 500000000 500
663650056 45 54643334
536870912 2 536870912
536870912 1000000000 18
1 18 500000000
18 536870912 1
1 500 387420488
536870912 536870911 536870912
536870911 536870911 1000000000
18 536870911 500000000
387420488 1000000000 2
498030425 62 937121046
150404135 43 764091101
387420489 536870911 536870912
196433488 49 356610506
500 1000000000 500000000
387420488 2 1
2 536870911 500000000
387420488 500 536870911
2 2 2
235924667 44 622582299
369750692 9 682402386
536870911 536870912 500000000
500000000 387420489 3
18 500000000 536870911
387420488 387420488 1000000000
281372027 42 147963178
3 536870911 1000000000
451978676 82 183614273
321707023 39 164955437
500 387420489 18
387420489 536870912 387420488
536870911 2 500000000
923009296 82 29567665
407786708 32 613799148
686295866 2 40430419
1 2 536870911
1 1000000000 500
387420488 500 500
42112532 93 928701233
945171899 25 131079292
544499471 98 45622031
1 18 1
3 500 2
89072893 25 112146188
536870911 2 3
500 18 387420488
449814100 27 585662457
435879089 81 507556070
301772182 30 519896172
38418453 39 344664063
3 387420488 536870911
2 536870911 1000000000
1 500 536870911
605697872 43 317253487
595816076 94 934841336
653659517 61 233699196
659604151 9 664102967
2 536870912 2
347922821 100 926850581
595410131 44 308278577
2 500 387420488
712192709 90 915755915
1 1000000000 1
25550791 35 52776204
1000000000 387420488 387420488
3 536870911 500000000
536870912 2 1
1000000000 387420489 3
18 2 500
507517752 16 432493631
835455746 57 657275302
119073370 19 124492725
387420488 500000000 3
536870911 1000000000 387420489
691078518 27 699261417
387420488 500 1
500 1000000000 18
80722716 82 201703734
285412449 65 505962942
487283022 41 155861819
536870911 536870911 1
692208294 70 303128196
536870911 536870911 500000000
925315022 16 54033137
18 2 3
367815471 98 712250828
1 500 1000000000
84781439 26 331888818
536870912 387420489 500000000
18 500000000 500000000
1 1000000000 2
18 500 536870911
500 3 536870912
335741350 13 382539047
536870911 2 387420489
18 387420488 387420489
1000000000 536870911 387420488
387420488 2 387420488
536870912 500000000 18
3 1000000000 1000000000
387420489 18 387420488
3 387420488 3
536870912 536870912 387420488
502493135 64 823197628
1 387420488 387420489
500 18 500
481657195 29 777292401
909440313 40 523481121
387420488 2 500000000
589477497 32 121593003
387420488 536870912 3
387420488 387420489 536870911
953458904 99 405427928
969895071 73 403522262
1 2 387420489
863240033 62 736765532
536870912 387420488 387420488
500000000 3 2
367310118 44 176471404
500000000 536870911 536870911
731285302 39 696220363
1 3 387420489
178454959 89 422483889
322684490 79 474676133
387420488 500 500000000
536870911 387420489 18
383011580 80 265310696
18 500 1000000000
500000000 536870911 1
1 1000000000 18
536870911 387420489 536870912
1 18 387420489
536870912 1000000000 500
500 387420489 1000000000
500000000 2 1000000000
615989957 40 787358900
500000000 500 18
2 536870911 387420489
162293217 81 461978681
844381918 26 567153478
387420488 500000000 536870911
387420489 500 18
547136687 95 367211947
583173266 34 405953096
536870912 1000000000 1
928917781 22 512867229
354887282 6 278522499
488279882 37 288818026
731372053 85 730787493
532525641 68 574676656
435788202 46 153152128
18 2 536870912
500000000 3 500000000
18 500 536870912
643254477 51 703938224
536870912 3 3
11940770 29 984912464
536870911 387420488 536870911
267276233 90 602449103
387420489 500 2
17106515 21 90606949
652345428 57 619627642
612406383 98 992276864
536870912 387420488 2
536870911 387420489 387420489
2 2 387420488
308273040 81 399976669
631296932 79 438507813
1 500 536870912
387420488 536870911 3
18 536870912 500000000
355085517 40 817639595
500000000 536870912 3
1000000000 500 3
3 2 536870911
1 536870911 2
2 500000000 500000000
387420489 18 536870912
1 536870911 387420489
14708330 87 571590673
387420489 2 536870912
536870911 536870911 18
387420488 536870912 1
387420489 387420488 387420488
840648653 44 559757532
1000000000 3 536870911
1000000000 2 18
500 387420489 500000000
29396949 53 836773611
66931352 44 633204715
500000000 387420489 18
387420489 2 387420489
1 387420488 3
500000000 387420489 500000000
719249301 77 923136893
500 3 536870911
58750698 58 591522377
768557476 20 248851398
292035208 10 604037819
843021952 17 976855037
2 1000000000 1000000000
2 18 500000000
621905078 9 500892990
536870911 500000000 387420489
3 3 2
387420488 18 18
18 500 500000000
536870912 2 1000000000
536870911 3 500000000
280210833 81 983901517
18 536870912 500
500000000 1000000000 500
500000000 18 500000000
387420489 500 387420489
1000000000 387420488 1
500600150 17 276703725
436614455 21 783238639
700254415 66 81677547
367061878 65 725079463
163879915 81 465685039
387420488 536870912 536870912
467332403 56 226504396
387420489 387420489 3
707622362 11 476249901
18 500 2
500 387420489 500
21757242 19 343401752
1 18 1000000000
500000000 387420489 500
289663520 16 256942563
387420488 2 1000000000
387420488 387420488 500000000
1 536870912 1000000000
1000000000 387420489 2
1000000000 18 500
822401416 44 549996180
128128670 5 810073345
251946833 22 309240618
372681038 27 583681802
500 536870912 500
18 500 387420489
500 387420488 387420488
883190671 51 591654378
473371780 29 789009521
536870912 18 1
536870912 500000000 3
18 500 1
19329771 55 359971071
3 18 2
179273164 69 257656023
536870912 536870912 3
500000000 387420489 2
1 387420489 536870912
500 536870911 500000000
500000000 387420488 387420488
359226850 10 88300222
2 500 2
387420489 387420488 536870912
387420488 3 536870912
1 387420488 500
1 536870911 500000000
1000000000 536870911 18
190424657 56 507120269
500000000 536870912 387420488
309390423 36 567553904
52644771 84 375018354
335497750 76 12809722
634764765 28 744102856
500000000 2 500
312459104 92 900559712
849631469 64 74483639
18 387420489 1000000000
185873328 6 624998022
596041737 96 152395985
500 2 2
2 2 536870911
536870912 18 387420489
387420488 1000000000 1
3 536870911 1
480196810 15 857545677
6663242 16 972724328
500000000 387420489 387420489
536870911 2 536870912
168822768 65 725843367
536870911 2 2
940423062 89 610062341
500 1000000000 387420489
950947537 51 659365248
1000000000 1000000000 18
423669957 46 358264893
500000000 536870911 387420489
387420488 1000000000 387420489
500000000 18 1000000000
536870911 500000000 18
854332879 80 788259572
500 387420489 387420488
500000000 536870911 18
183342911 37 86799759
18 1000000000 1
500 3 500
500000000 18 387420489
864378950 86 884545385
425123672 99 136607509
18 2 1
1000000000 387420488 1000000000
3 1000000000 536870911
1000000000 536870912 387420488
18 500 387420488
1000000000 3 2
1000000000 387420489 387420489
500000000 2 1
437309609 32 334883681
877625609 2 129032119
536870912 3 387420489
387420488 387420488 536870912
387420488 3 500
387420488 387420488 536870911
3 500 3
387420489 3 500
536870912 387420488 1000000000
885509650 91 748039278
2 387420489 2
1000000000 3 387420488
387420488 387420488 3
536870912 500 536870911
610142945 97 944914502
387420489 387420489 18
608603235 72 792764542
295656766 55 903140799
263634727 29 971054137
170055700 15 778248023
120295996 21 357395443
2 500000000 2
500 1000000000 536870911
949131132 64 955123604
387420489 500000000 18
536870911 1000000000 536870911
1000000000 1000000000 536870911
18 3 18
502979063 6 906931171
718047834 58 728081967
387420489 3 536870911
396896014 64 795194180
387420488 387420488 1
443895354 26 687734195
220441106 10 845807726
500 536870912 18
278194563 15 779029523
387420489 1000000000 1000000000
39214104 18 427247030
663448089 87 97339199
347964761 34 351144703
205931361 6 525152029
18 2 1000000000
18 2 536870911
387420489 536870912 2
817818231 66 428020478
352297544 94 221683834
848946502 79 773793129
536870911 387420488 2
760930829 30 118060828
2 536870911 1
375700358 69 443097471
778763116 7 726423953
1 536870912 536870911
365180442 66 685224555
536870912 536870912 500
536870912 387420489 1000000000
773014478 53 5320555
387420488 3 2
3 500000000 3
387420488 387420488 18
308666845 83 814747349
864096296 38 625761941
687924853 96 251355258
114935222 32 277954925
387420489 536870911 500000000
84404518 7 189022948
667140928 15 404890989
18 500000000 1000000000
3 2 536870912
1 387420488 1
536870912 536870911 500
979725353 11 624793235
387420489 3 3
3 18 500
500 1000000000 1000000000
500 1000000000 387420488
134993927 56 889873598
847784143 30 448158638
536870911 2 387420488
536870911 18 3
2 1000000000 536870912
500 3 1
536870911 3 387420489
387420489 3 500000000
867709011 13 917280438
892066142 67 973583073
2 500000000 387420488
147749732 73 153645745
655429733 41 522620365
2 536870911 536870911
500000000 536870911 387420488
500000000 500 387420489
500000000 536870912 387420489
300539235 64 950955876
1000000000 536870911 536870911
387420489 1000000000 1
536870911 2 500
531253705 75 914293086
18 536870911 536870912
738041526 45 285206292
387420489 387420489 2
2 1000000000 1
272037997 69 819232847
183129575 74 250219974
938013881 78 512389116
64784569 61 148476899
778354952 14 560969519
710940949 18 265830828
1000000000 387420489 536870912
1000000000 18 387420488
500000000 500000000 1
221717837 11 310577438
452979239 96 848520767
917253639 18 390002945
254348408 29 789877523
692371161 26 660925812
807088635 34 536597343
536870912 500 387420489
887098738 57 653736890
387420489 2 500000000
1000000000 2 1000000000
292078963 10 489320012
753547676 5 378470403
387420488 3 500000000
223697834 31 571049800
3 500000000 536870912
500 500000000 387420488
386850399 40 910412814
387420489 536870911 387420489
3 18 536870912
1 18 536870912
3 387420489 500
191452299 19 561325455
387420489 18 2
387420489 500000000 500000000
925017045 94 570885081
2 500000000 3
500 1000000000 3
387420489 3 2
24602386 20 978267162
1 3 500000000
2 500 3
18 536870912 1000000000
251541594 5 848789964
356203397 14 114716433
3 500 1000000000
500000000 2 500000000
1 2 1
143807998 25 199225711
275655295 57 424814530
3 536870912 2
962221817 23 326484505
621191779 60 441977724
500000000 500000000 536870911
500 500 387420488
1000000000 3 536870912
1 536870912 3
4297538 52 681141052
2494002 43 139380384
3 387420489 500000000
387420489 387420489 387420488
683039667 41 39717891
917380960 83 291857656
1000000000 500 536870912
769313015 55 911089947
387420489 500000000 387420489
566952053 53 680795633
3 536870911 536870912
392421720 49 789093511
387420489 1000000000 387420488
995844200 86 968908217
3 2 2
18 387420488 3
500 536870912 3
3 1000000000 387420488
2 18 536870911
2 387420489 387420488
774389406 83 490817524
3 3 1000000000
574894055 78 816016931
18 536870911 1
355273603 21 67920077
500 536870911 1
536870911 18 2
500 500000000 3
743150903 37 944315098
1000000000 500000000 3
500000000 18 536870911
2 3 536870911
3 536870912 1000000000
500000000 3 1
536870911 536870912 387420488
18 18 1000000000
1000000000 387420488 500
500 500 1
536870911 1000000000 500
817636492 7 329333822
18 500000000 387420489
536870912 3 500000000
387420488 500000000 387420489
811081352 13 731510760
1 387420489 1000000000
1000000000 500000000 18
146656186 66 413371041
12357535 18 839476237
500000000 2 536870911
2 387420488 1
500 536870912 1000000000
756559881 41 274076542
376131094 88 6369424
500000000 387420488 3
387420488 2 536870912
536870912 1000000000 1000000000
857618698 86 390096075
1000000000 387420488 536870911
1000000000 18 536870911
499639900 48 900032346
1 3 536870912
2 536870911 18
1000000000 18 2
987208542 62 862893380
18 387420489 500000000
955078760 19 251828785
204674860 29 273574059
356894980 76 393927982
3 2 387420489
387420489 18 500
536870912 18 387420488
45764372 29 942227694
590213916 80 908823814
3 536870911 387420488
2 500000000 1000000000
2 536870912 387420488
18 387420489 500
3 387420488 500000000
46566570 13 221527591
819131216 14 646044634
470895276 87 988474709
536870912 500000000 1
980992990 9 4592345
387420488 3 1000000000
536870911 2 1000000000
536870911 500 18
387420489 500 536870912
903157072 99 732786144
536870911 536870912 1
1 500 387420489
500 18 1000000000
194352468 16 927341354
536870912 500 3
