8
11
3
4
10
4
3
3
6
3
8
5
3
4
3
6
4
4
3
4
20
3
3
3
5
11
7
5
2
6
4
7
4
7
3
8
3
5
4
4
10
7
6
3
6
0
4
2
6
3
9
1
6
11
8
8
7
5
0
3
2
3
5
4
2
4
5
3
3
4
7
6
4
5
5
3
4
4
2
0
3
4
25
5
1
4
4
10
4
6
4
6
12
1
6
4
9
6
4
28
31
10
11
4
3
3
4
3
9
5
4
3
3
6
5
6
4
5
11
4
2
1
82
3
2
6
5
6
15
4
4
3
3
6
7
3
2
4
5
6
5
4
1
7
5
29
7
4
6
3
2
9
5
4
2
5
5
6
9
4
4
5
3
7
6
3
4
4
4
4
2
4
5
4
3
4
2
4
3
10
6
5
2
4
21
3
4
6
2
5
4
9
4
4
3
6
9
2
3
4
5
4
13
4
4
9
515
3
4
5
5
3
6
7
11
9
4
5
3
34
6
3
79
4
5
5
5
5
3
5
4
4
9
5
3
5
2
14
2
83
12
6
5
3
4
2
4
5
11
2
6
30
4
6
14
6
5
4
2
4
5
3
3
3
3
6
3
3
3
3
4
3
3
4
47
7
6
6
5
482
2
3
3
7
6
8
5
3
6
4
14
1
5
9
12
3
3
3
9
5
4
3
4
8
406
6
3
2
2
6
10
10
12
4
7
5
5
74
34
4
5
28
2
5
3
5
13
3
4
3
3
6
7
4
3
5
4
4
2
5
2
4
3
3
4
29
6
7
5
5
19
4
0
4
3
2
3
22
5
11
6
5
4
4
2
7
3
4
51
8
3
8
6
6
4
2
5
4
3
15
10
9
7
3
5
28
5
20
3
44
9
5
5
58
3
1
4
3
5
2
13
2
5
8
4
54
8
5
6
3
4
4
5
7
5
3
5
11
4
4
5
3
4
4
3
10
4
6
3
3
19
61
4
5
11
3
5
4
11
4
4
26
3
7
3
7
49
5
4
4
3
7
4
3
15
3
13
9
1
4
0
10
4
2
7
28
9
5
3
5
5
22
1
4
3
17
3
3
4
3
6
3
4
16
9
7
6
4
5
3
4
3
3
4
12
9
10
10
12
6
4
12
11
3
5
6
4
3
8
3
4
4
3
34
5
4
4
5
4
6
3
4
5
3
4
14
4
4
12
6
4
9
3
3
4
5
5
3
5
4
4
6
4
3
2
6
2
15
4
4
6
3
5
3
4
7
3
37
4
4
5
3
5
5
3
6
4
4
4
8
8
14
5
2
4
17
29
3
3
2
10
13
4
10
5
4
3
4
6
4
4
4
5
5
6
3
8
4
3
4
3
10
2
5
3
45
197
5
3
4
7
6
5
3
3
4
6
4
3
4
5
3
6
6
4
3
7
4
13
8
5
12
9
3
7
42
17
10
34
56
14
5
3
4
3
2
6
6
4
16
3
3
3
5
5
5
6
3
4
19
4
4
2
7
12
3
4
5
3
2
9
2
6
4
33
3
15
3
6
3
5
4
3
7
5
4
4
4
7
4
3
2
1
6
0
6
6
5
9
8
14
22
8
3
5
12
3
3
4
7
6
2
7
5
4
10
3
35
3
3
3
20
2
11
4
2
23
15
4
3
4
4
4
26
2
3
7
4
7
3
4
6
3
5
4
5
5
5
18
5
3
3
5
4
4
15
2
3
4
4
4
4
5
82
4
43
5
5
100
3
4
4
0
3
9
5
4
5
7
3
14
4
4
4
6
555
3
2
1
4
3
3
4
4
1
13
3
3
7
5
2
6
3
3
6
4
3
9
3
7
5
10
4
8
3
3
2
5
4
4
4
3
5
6
3
5
1
3
6
4
3
19
11
3
3
4
4
6
5
3
3
5
4
5
7
3
3
3
27
35
4
6
34
4
2
11
6
5
13
4
9
4
4
3
6
3
6
5
6
25
10
4
5
3
4
11
4
49
3
3
9
3
20
4
5
4
3
10
5
0
3
5
20
4
3
14
3
7
3
4
3
2
6
3
5
8
5
4
5
3
16
4
1
3
44
4
17
4
3
3
15
5
5
5
4
3
0
160
6
5
2
5
2
5
1
4
2
7
5
4
3
7
3
7
4
4
5
2
105
4
2
4
3
2
5
5
5
4
4
2
6
5
6
19
3
4
10
4
4
10
3
3
4
4
62
6
7
4
7
5
3
10
23
44
6
4
7
7
4
3
3
3
4
4
4
6
9
8
9
6
14
83
5
5
4
5
3
3
4
3
5
3
1
5
13
2
4
37
3
11
4
3
4
3
5
4
8
4
3
4
3
11
3
4
5
2
3
3
4
2
4
4
2
16
4
4
5
16
3
4
3
4
26
6
5
6
6
6
4
2
5
10
5
3
14
4
4
6
5
8
4
21
15
4
5
1
3
7
4
4
36
4
2
5
3
4
9
4
12
3
8
2
6
3
29
4
7
4
4
9
16
4
3
4
4
3
3
2
2
8
3
4
43
6
4
11
3
4
4
3
6
5
3
12
3
3
3
17
5
3
3
5
4
10
5
3
2
3
6
4
8
4
6
7
5
3
4
3
4
5
4
6
8
4
4
23
5
5
9
3
5
4
4
4
4
4
1
23
4
3
5
4
5
3
3
7
3
7
5
3
3
4
39
9
4
8
3
4
8
5
6
20
11
3
31
4
7
5
3
4
4
7
4
349
4
4
3
3
25
6
3
4
3
5
4
6
13
14
11
103
4
5
3
4
53
4
41
9
4
3
3
3
5
17
1
0
7
17
12
3
4
14
4
3
3
15
5
4
3
4
5
4
5
5
4
3
8
8
5
21
12
6
3
3
4
11
3
5
9
4
5
8
1
3
9
5
4
4
5
5
4
6
8
4
5
3
1
4
4
3
4
4
3
6
3
103
25
4
3
6
4
3
11
5
6
7
9
25
3
4
6
5
32
3
5
5
4
10
16
5
3
3
124
4
4
4
5
7
3
2
8
4
4
5
4
2
2
5
3
4
6
4
5
4
40
6
4
2
0
3
14
13
8
4
67
124
4
4
3
3
4
19
4
2
4
3
3
3
