2000
3 500 1000000000
1 8 73223302
10 9 509218291
536870911 387420489 500000000
18 500000000 387420488
7 6 355648212
5 7 632047318
3 2 2
3 2 312894448
387420488 1000000000 387420488
3 2 536870912
10 7 706720612
9 6 741340173
536870911 1000000000 1000000000
536870912 536870911 536870911
387420488 536870911 3
1 387420488 2
6 2 18101557
536870911 2 536870912
1 387420488 387420488
18 387420488 1
500000000 500 1
500000000 536870911 536870912
387420489 2 18
4 9 499563700
10 4 664782604
6 4 781160215
2 387420488 536870911
500 500000000 387420488
2 4 475925636
2 7 491990972
500 500 536870911
387420488 500000000 500000000
3 500 500000000
2 387420488 387420488
3 5 876436081
500 1000000000 1
18 3 2
2 387420488 3
18 387420488 536870911
3 2 500000000
8 2 750558520
387420488 18 2
536870912 3 536870912
6 7 50621575
10 6 732780931
3 387420488 1000000000
500 536870912 2
9 8 146492206
1 9 430443676
1 2 500000000
1 1000000000 387420489
387420489 500 18
387420489 2 536870912
1 2 1000000000
3 10 958747438
387420488 500 387420488
5 6 780856598
536870911 3 387420488
500 387420488 536870912
3 8 792549910
2 3 3
1000000000 500000000 500000000
536870912 387420488 536870911
500000000 2 1000000000
536870911 536870911 1
3 536870912 2
387420489 536870911 1
18 2 536870911
536870911 387420489 1000000000
536870912 387420489 18
18 3 536870911
3 387420488 2
1 387420488 536870911
7 8 779904998
7 5 475751771
500000000 18 536870911
536870912 1000000000 536870912
18 3 1
387420488 2 500
18 387420488 387420489
1 1000000000 536870911
10 6 641835400
18 18 387420489
3 10 294535492
500 500000000 1000000000
10 7 300189441
6 10 455455456
536870912 387420489 387420488
500000000 18 387420488
18 387420488 500000000
2 500 2
1 500 536870911
387420489 18 18
3 536870911 18
387420489 536870912 536870912
7 7 187122552
7 8 830041063
8 7 42461280
500000000 387420489 500
2 387420488 1000000000
2 18 536870912
3 2 387420488
536870911 387420489 387420488
7 2 499497272
1 2 500
18 536870912 387420488
500 500 500000000
18 500 387420489
9 6 318730766
7 9 555974882
4 3 576929621
8 8 647227741
536870911 536870912 2
1 3 536870912
1 10 769670744
536870912 387420489 2
9 3 973215245
1 2 419755860
5 5 324374924
3 5 354687467
500000000 3 387420489
6 5 895457252
2 536870911 500000000
2 18 500
10 9 420887782
2 8 21126965
387420489 2 387420489
3 387420488 1
7 9 767495734
1000000000 500 387420488
7 7 863129017
10 3 421033133
3 18 536870911
8 7 235536510
2 536870912 500000000
2 3 899422589
1 18 18
1 2 421895414
6 7 234995922
1 5 201309456
4 6 565496859
2 536870911 3
500 387420488 2
8 6 37156889
6 7 958350838
3 387420488 500
536870911 1000000000 387420489
2 9 309293845
7 2 292202014
387420488 1000000000 1
536870912 3 2
18 387420489 536870911
500000000 3 1
8 8 130132714
536870911 500000000 18
8 2 510375145
9 6 780384583
7 3 476987618
3 8 635626381
500000000 500000000 18
18 2 3
5 5 672522990
536870911 387420488 3
2 536870912 387420489
1 6 2511623
8 7 73472339
5 9 46384820
2 10 379563741
3 1000000000 1
500 500 387420489
536870912 2 500
5 6 310837337
500 387420489 500000000
1 387420489 3
536870911 536870912 1
500 1000000000 500000000
8 5 140543947
10 6 535486546
8 2 537078433
18 500000000 1000000000
1000000000 387420489 387420489
6 7 424545130
18 536870912 536870912
7 9 45892201
18 536870912 536870911
500000000 536870911 18
3 3 474582900
500 18 2
3 1000000000 536870911
2 536870911 2
7 8 664761569
500000000 387420489 1
1 387420489 536870912
3 2 1
536870912 387420488 1
500000000 2 18
387420488 387420488 500
387420489 536870912 3
1 500000000 536870912
18 1000000000 2
3 8 428775155
500000000 536870911 387420488
7 7 385624520
10 9 390468297
6 8 812659443
1000000000 2 18
7 8 412743327
5 4 330004217
18 500 3
1 6 637741686
1 387420489 2
387420489 387420489 536870912
387420488 1000000000 18
2 3 500
1 387420488 18
10 8 162499905
4 8 628483282
500 18 387420489
536870911 3 1000000000
5 3 908069742
1 3 899082685
500 387420489 387420488
18 536870911 500000000
1 536870911 536870911
5 2 202345968
1 2 387420488
2 387420489 3
387420489 2 500000000
6 9 339326172
4 8 764481401
3 2 1000000000
4 6 510696909
6 3 346452977
7 4 900496341
2 4 926528688
1 500 18
3 4 124302221
5 4 691251016
1 536870912 2
500000000 2 1
2 536870911 18
1000000000 3 500
1 536870912 387420489
500000000 1000000000 2
500 1000000000 3
9 9 35651664
18 536870911 536870911
2 8 111109027
8 2 23158431
387420488 1000000000 536870912
6 5 451969702
3 500 3
387420489 1000000000 3
536870911 500 500000000
5 8 267487414
8 6 343413193
536870911 500000000 387420488
1 500 1
4 10 403627539
2 1000000000 387420488
18 500000000 536870911
3 2 18
7 5 508941923
387420489 500 500
500000000 18 387420489
2 536870912 1000000000
2 9 10273931
9 8 212559588
500000000 18 500000000
1 5 208074964
9 2 308383716
10 9 749201175
8 7 993519828
10 8 528758460
387420489 387420488 536870912
387420489 536870911 387420489
1000000000 387420488 387420489
500 1000000000 18
1000000000 18 18
10 8 485768949
2 536870912 2
5 2 143616488
18 18 500
387420489 536870912 1000000000
500000000 1000000000 387420489
3 387420488 387420489
536870912 387420488 536870912
9 4 17887222
2 4 799241404
8 10 116850619
500000000 3 387420488
3 3 919922073
500000000 2 500000000
10 7 706201028
3 7 919899485
536870912 2 536870912
6 4 247079451
2 2 536870911
3 536870911 1000000000
500 536870912 387420489
3 500000000 387420488
1000000000 2 500000000
8 7 471551696
387420488 536870911 536870911
536870911 2 387420489
5 2 923312576
500000000 387420488 2
2 536870912 387420488
1 10 514383316
10 6 277623913
1 500000000 500000000
536870911 536870911 18
387420488 536870911 500
1 10 370684904
8 8 261561340
1000000000 387420488 18
8 8 276143877
536870911 536870912 536870911
1000000000 3 3
1 500000000 387420488
536870912 1000000000 1
1000000000 387420488 1
1 10 620720816
7 7 880585386
2 3 2
500 536870911 536870911
5 5 97120043
536870911 3 500000000
1000000000 536870911 1000000000
6 9 811288648
500000000 1000000000 3
6 2 484248692
9 7 208434419
536870911 500 1000000000
500000000 2 387420489
10 10 793107380
3 7 576347538
387420489 500000000 3
9 7 232892198
1 6 217285867
3 3 478186049
387420489 387420488 387420489
1 3 26651503
1 6 291155232
9 5 148523683
10 4 387685876
1 500 2
2 2 2
5 10 415084888
7 6 986196104
3 2 833977225
3 9 700061047
2 5 654979729
3 2 710526756
9 3 783211080
536870911 500 536870911
387420489 18 3
536870912 387420489 3
10 8 639204900
500 2 387420488
1 3 514073110
4 3 743924961
500 536870911 1
8 7 491280613
1000000000 387420489 3
1 5 119320836
1000000000 536870911 3
18 536870912 18
1 536870912 500000000
1 387420489 387420489
387420489 536870911 18
2 387420488 500
3 3 1000000000
18 387420489 1
500 536870912 536870911
3 536870911 500000000
536870911 536870912 18
4 10 783958376
387420488 3 387420489
8 6 330211186
7 7 876725917
536870911 500 2
3 500000000 3
18 536870912 1
3 4 72370815
5 10 917931673
3 9 42622983
536870912 500000000 1000000000
500000000 1000000000 536870911
1 10 354613522
1 387420488 500
9 6 750144410
9 2 876647385
5 9 89951508
18 536870912 1000000000
9 10 712873522
2 6 621212928
5 7 16421677
6 7 291463914
1000000000 387420489 1000000000
18 3 1000000000
10 6 421360788
18 18 1000000000
387420488 1000000000 536870911
1000000000 536870911 536870912
500000000 3 500
536870911 387420489 2
9 3 323255386
536870911 1000000000 1
3 9 737472680
3 7 922431961
8 2 885755462
500000000 500000000 536870912
2 1000000000 500000000
4 9 367880385
536870912 500 500000000
1 10 48820453
2 500 536870911
18 1000000000 536870911
500 1000000000 1000000000
500 387420488 500000000
9 6 209322464
2 9 721807434
387420488 387420488 1000000000
10 10 922998467
1 2 3
9 3 946670620
387420488 2 500000000
1 9 101556953
387420489 18 387420489
1000000000 500 1000000000
7 4 511263198
7 8 975442363
1 387420489 18
9 4 66127423
3 3 500000000
4 9 564588342
500 500000000 536870911
2 8 161006515
2 18 536870911
18 2 536870912
536870911 500 387420488
387420489 536870911 536870912
3 4 479140698
3 387420489 1
10 8 628051994
536870912 1000000000 2
3 3 536870912
7 9 477553150
387420488 536870911 500000000
1 500000000 3
536870912 3 18
8 7 159346970
5 3 901120045
536870911 3 1
18 500000000 3
387420488 536870912 1000000000
387420488 387420489 500
1 7 685011611
3 536870911 500
500000000 500 500000000
6 10 434560795
3 500 536870912
7 4 670334479
1000000000 536870911 1
1000000000 500 536870911
500 536870912 3
10 4 377827960
9 5 5963848
536870911 536870911 387420489
18 1000000000 500
1000000000 536870912 18
18 2 500
387420488 536870911 1000000000
3 2 3
500 536870911 500
7 5 714520982
500000000 3 18
9 7 114585424
6 2 484355730
2 1000000000 18
1 536870911 500
387420488 18 3
387420489 1000000000 2
500 3 1
8 4 63881298
6 5 524136276
3 387420489 2
1 3 1000000000
1 7 358217540
536870912 18 536870911
6 7 374241061
536870912 536870912 387420488
9 2 882800548
18 3 18
1 10 206228950
6 8 904270877
7 5 177904821
1 2 1
3 9 577962949
500000000 387420489 387420489
3 2 221952577
500 387420489 500
1000000000 18 536870912
1000000000 500000000 387420489
536870911 2 2
3 1000000000 500000000
387420489 18 500
500000000 18 1
7 2 832377945
1 8 995941595
3 536870912 387420488
500 387420488 387420489
500000000 1000000000 1
10 9 707269262
3 500 536870911
500000000 18 3
10 2 574380524
536870912 500 387420488
387420489 500000000 500
1 500 387420488
10 10 234855112
8 7 113171535
500 3 500
4 2 219493918
8 4 621332177
5 9 519019184
2 7 131781243
3 18 500
9 5 70137628
3 3 80437600
500 18 536870912
2 500 1000000000
387420489 500000000 1000000000
5 5 924115939
2 2 1000000000
387420489 536870911 387420488
387420489 500000000 387420488
536870912 2 3
1 8 436352564
2 2 536870912
500000000 536870912 2
387420489 1000000000 387420488
500000000 500 1000000000
1 8 49937103
1 5 481358693
18 387420489 500
10 6 198131776
8 2 119710656
500000000 3 2
3 2 991954245
387420488 18 500
5 9 516907426
4 6 220993940
536870912 1000000000 387420489
500000000 387420489 500000000
2 1000000000 3
7 5 346705676
2 500 387420489
9 9 251979273
8 4 586855198
2 10 268796925
387420489 18 536870911
500 3 536870911
2 500 500
2 387420489 500000000
387420489 536870911 1000000000
2 7 792299451
1 536870911 2
7 4 351318733
1000000000 500000000 18
536870912 387420489 1
500 536870911 536870912
9 8 370090348
536870912 2 1000000000
387420488 536870911 2
500 1000000000 2
500 2 1
4 5 702888716
387420489 1000000000 536870911
8 9 936895007
2 387420489 1
6 6 373394785
1 387420489 536870911
3 500 387420488
536870912 536870912 1000000000
18 2 1000000000
9 7 917042817
2 3 498113001
6 3 944423330
387420488 1000000000 2
387420488 2 387420489
1 6 336267299
3 10 387662534
2 500000000 18
387420489 500000000 536870912
1 9 788499127
7 10 228115923
500000000 2 387420488
7 5 851522425
536870911 1000000000 536870911
1000000000 18 387420488
5 9 60058577
5 7 574167609
18 3 500000000
3 10 358592029
18 536870911 2
18 2 387420488
2 387420489 387420488
4 10 724417846
387420489 500 1
536870912 536870912 536870912
536870911 500 3
536870912 2 387420489
536870912 387420488 387420489
2 2 500512305
3 5 281412675
387420488 18 1
8 9 571447234
536870912 387420489 1000000000
500000000 2 536870912
387420489 387420488 1000000000
1 2 890055298
500 387420489 536870912
1000000000 18 2
2 10 650256847
10 8 548950301
387420489 500 536870912
1 7 944678022
8 2 820571652
3 387420488 500000000
536870911 387420488 500000000
18 536870911 536870912
387420488 387420488 500000000
3 536870912 500000000
18 387420489 1000000000
387420488 500000000 3
8 2 400689165
5 4 843227951
1 18 536870912
2 536870911 536870911
1000000000 500 500000000
7 9 516800983
536870912 500 536870911
1000000000 387420489 1
9 5 821515299
500 536870911 3
1000000000 536870911 2
5 7 208286588
1000000000 387420488 500000000
387420489 3 500
500000000 536870911 500
500000000 500000000 3
387420489 500000000 18
10 10 648935198
500 536870911 2
387420488 500000000 500
3 536870911 387420488
6 7 92080807
387420489 500 1000000000
1000000000 1000000000 536870911
536870911 18 387420488
387420488 18 500000000
3 6 637422156
4 2 29027167
9 4 58407736
3 4 682086599
18 387420488 18
387420489 536870911 2
6 3 379662893
536870912 1000000000 3
18 387420489 3
387420489 536870911 500000000
3 18 1000000000
387420488 387420488 536870911
3 500000000 18
18 536870912 500000000
10 10 63520332
5 2 245547622
10 6 43695022
4 5 950019961
500 500 536870912
387420488 18 1000000000
500 387420488 500
1000000000 387420489 2
500 2 387420489
500 18 500000000
1000000000 500000000 3
536870911 1000000000 500
500 387420489 3
7 4 665633986
387420488 387420489 1
1000000000 536870912 500000000
536870912 536870911 387420488
500000000 536870911 500000000
3 387420489 536870911
500 500000000 1
5 5 403693386
536870912 1000000000 387420488
8 2 61462995
2 387420489 1000000000
5 2 57898931
8 9 630548753
3 5 12711900
18 387420489 387420489
536870911 387420488 387420489
536870911 2 18
500 1000000000 387420488
4 9 500599534
536870911 3 2
9 7 714369730
2 536870912 500
536870912 387420489 536870911
18 536870911 1
1000000000 387420488 536870911
387420489 3 2
5 2 370302281
387420489 500000000 536870911
3 387420489 500000000
1 5 94268647
10 7 261816717
18 500000000 500000000
1 3 2
7 9 670075268
500 3 536870912
500 3 387420489
387420488 3 3
4 7 688191463
536870912 536870911 3
500000000 1000000000 387420488
500 18 1
536870911 387420488 1000000000
10 7 526456280
4 6 332510638
6 9 476544109
1 18 3
2 18 500000000
9 3 797417281
1 8 281397190
3 500000000 1
2 3 1
2 500 500000000
8 8 69133917
500000000 1000000000 500
3 387420488 3
1000000000 387420489 387420488
9 6 197037615
6 9 532887909
1 18 1000000000
1 500000000 1000000000
8 6 102884057
387420488 3 1000000000
9 9 131180250
1 500 1000000000
7 2 408046158
4 10 186288626
1000000000 1000000000 18
18 500000000 18
2 387420488 536870912
1 9 897711327
3 387420489 387420488
9 3 325113184
1 500 500000000
10 5 156325439
387420488 18 536870911
536870912 536870911 18
536870912 387420488 3
536870912 500 18
8 6 697058026
18 536870912 3
10 4 481397945
2 8 744843210
536870912 2 500000000
10 6 801344193
387420489 387420488 2
387420489 387420488 500
500000000 500000000 536870911
6 6 65035162
1 500 536870912
3 387420489 387420489
2 536870911 536870912
500000000 536870911 3
3 6 366155722
536870912 3 500000000
1000000000 500 18
1 18 1
387420489 387420489 1
2 18 1000000000
9 2 406776132
536870912 500000000 1
536870912 387420489 387420489
1000000000 2 1000000000
4 2 605023990
1000000000 1000000000 500000000
500 500000000 536870912
8 4 505199908
536870911 387420489 1
1 18 536870911
1 1000000000 18
2 536870911 387420489
3 3 452312472
7 10 815025126
3 9 474386930
4 4 203663672
536870912 500 3
1000000000 500 387420489
500 500000000 500
8 2 350967294
1 387420489 1
500 387420488 1000000000
1000000000 3 2
8 10 328929330
387420489 536870912 387420489
500 387420488 536870911
6 3 282109686
500000000 387420488 500000000
6 3 526782169
5 9 572427467
1000000000 2 387420488
500 387420488 387420488
387420488 500 1000000000
1 536870912 3
6 2 865599897
536870912 536870912 2
3 500 18
18 536870912 387420489
1000000000 3 1000000000
1 500 387420489
536870911 1000000000 536870912
3 9 628168672
10 4 989345037
6 4 4138283
536870912 2 1
536870912 536870911 500000000
18 500000000 1
387420488 387420489 1000000000
6 6 748165887
1 536870911 387420489
3 7 694854876
500000000 1000000000 500000000
9 8 532457738
2 500000000 1000000000
2 4 138574508
387420489 2 1
8 9 436152485
3 7 182583135
387420489 536870911 500
500000000 387420488 500
7 8 428041088
2 387420488 2
1000000000 3 387420488
387420489 387420489 18
536870911 18 1
6 7 440387899
5 4 807770924
5 10 233200150
536870912 3 387420488
3 387420488 18
1 6 360276265
6 5 780933530
500000000 387420488 1000000000
536870911 500000000 536870912
10 3 192741741
7 9 405882437
2 536870912 536870912
9 6 892675280
3 6 855393578
2 5 825868362
2 3 16579341
500 500000000 18
536870911 500 1
1 4 65873710
536870912 387420488 500
387420488 500 500000000
4 3 502135201
387420488 536870911 387420489
18 387420489 536870912
5 4 739746950
6 4 978490799
536870911 536870911 2
9 8 793457962
500000000 500000000 500
387420489 387420489 3
1000000000 18 500000000
3 18 1
10 8 473804437
387420489 500 387420488
4 10 398257606
5 2 875278479
1000000000 3 1
10 7 634601058
18 1000000000 3
500 3 18
500000000 536870911 387420489
3 387420488 536870911
7 9 965386774
1 3 500
500 1000000000 536870911
3 4 212755303
500 536870912 536870912
4 10 706546204
9 7 63830540
2 7 397910758
2 8 283826000
6 8 639959591
387420488 387420488 18
3 3 500
536870912 536870911 387420489
536870912 536870912 1
387420488 3 536870911
10 4 412733148
7 8 28465830
536870912 500 2
1 1000000000 3
7 4 372596768
536870912 536870912 18
1 3 1
4 7 484429426
536870912 536870912 3
3 4 118733547
387420488 387420489 536870912
9 2 864144749
536870911 500 536870912
9 6 89115241
4 4 787143047
6 10 101709973
500000000 387420489 1000000000
536870911 3 536870911
1000000000 536870911 536870911
536870912 500000000 2
387420489 3 1
2 1000000000 536870911
8 3 647145798
2 387420488 387420489
387420488 1000000000 1000000000
6 2 965150122
5 8 894712344
2 1000000000 387420489
536870912 387420489 536870912
7 10 982640649
18 500000000 2
2 9 535476160
536870912 3 500
500 18 536870911
8 2 767177683
1 3 18
387420489 1000000000 536870912
536870911 500 18
2 6 42041971
387420488 500000000 387420489
387420489 3 18
4 8 567585252
5 8 496729001
3 3 137507367
3 18 387420489
8 4 497206027
5 5 25174280
2 387420489 536870911
387420489 387420488 536870911
1 387420488 500000000
1000000000 387420489 18
4 5 989298178
4 5 918556980
536870911 387420488 536870911
4 10 426577106
536870911 387420488 500
4 10 204172100
387420489 1000000000 18
2 3 18
2 9 75028883
500 3 500000000
2 500000000 500000000
387420488 536870912 500000000
3 2 636961977
8 3 199454615
5 6 232541542
2 2 31804474
387420488 387420489 387420489
8 7 320840679
1 9 987982679
10 8 997175810
1000000000 387420488 2
536870911 1000000000 18
1000000000 3 536870911
387420488 536870911 1
7 2 807000610
10 5 932827561
4 9 5490882
3 387420489 1000000000
2 1000000000 536870912
2 500000000 387420488
6 6 199008095
5 4 16049693
6 7 817785450
387420488 18 18
536870912 18 2
9 9 657602594
536870912 3 387420489
4 5 508242786
18 536870911 18
2 4 615284251
500000000 18 536870912
387420488 536870912 536870912
1 2 18
5 10 400441523
536870912 500000000 3
5 8 724846183
6 7 238309407
500 500 3
387420488 536870912 1
2 3 840415255
5 4 906289504
1 387420488 387420489
1000000000 2 536870912
387420489 500 500000000
1000000000 387420488 3
5 6 562289191
18 18 2
500 387420489 2
18 387420488 3
387420488 2 18
387420488 3 2
2 9 971063975
500 2 536870912
3 1000000000 500
536870911 500000000 500000000
7 3 941631207
387420489 500 3
1 8 597251851
536870912 536870912 500000000
18 387420489 18
500 536870911 1000000000
2 10 342708888
500 18 500
536870911 387420489 536870911
3 18 536870912
4 2 690625377
2 536870912 18
500 2 500000000
500 387420489 1
2 500000000 500
387420488 500 18
7 8 869335948
387420488 536870912 536870911
500000000 536870912 387420489
7 3 524570641
500 387420488 18
10 8 161897731
18 536870911 1000000000
536870911 3 3
536870911 500000000 1
6 2 798671260
387420489 3 387420489
387420488 387420489 2
1000000000 2 3
1 2 219253644
1 536870912 1000000000
4 2 987425311
1000000000 536870911 18
387420489 3 500000000
3 500000000 2
1000000000 18 500
6 8 999332800
1 5 661688780
10 9 941752409
10 2 160765181
18 3 387420488
2 3 305549020
387420488 2 1000000000
536870911 387420489 18
10 7 809364607
500 1000000000 536870912
387420488 387420488 387420489
3 2 570269157
387420488 500 536870911
8 10 747759160
536870911 536870912 1000000000
8 3 672151660
1000000000 500000000 387420488
3 9 6878211
3 9 909582695
1 387420489 387420488
387420489 500000000 1
7 2 24343610
536870911 387420488 18
2 3 507618354
2 5 749557460
18 500 500000000
5 9 210852702
3 536870912 18
10 2 104560261
4 5 286713973
10 8 976538744
9 5 882171776
536870912 1000000000 1000000000
536870911 500000000 387420489
1000000000 536870912 387420489
3 3 1
2 500000000 536870911
2 500 18
3 6 250302366
2 500 536870912
2 3 387420488
5 10 93307757
536870911 387420489 387420489
8 2 857495600
6 5 519798493
387420488 536870912 387420489
2 10 254244012
2 387420488 500000000
4 2 200160264
536870912 500000000 536870912
6 3 864510136
1 4 662926066
18 387420489 500000000
387420489 1000000000 387420489
2 387420488 18
387420489 18 500000000
1 387420489 500000000
536870912 536870911 2
387420488 500000000 2
3 1000000000 3
18 2 2
5 7 577795910
500 2 3
2 8 751956370
1 500000000 387420489
3 500 2
2 3 261613345
536870911 3 536870912
6 9 459420724
536870911 536870911 536870912
7 7 167368699
2 7 541077634
536870912 18 536870912
2 500 1
536870912 18 500
387420488 500000000 1
500 500 2
7 7 401601459
1000000000 18 387420489
1000000000 3 536870912
2 5 39150560
536870911 18 2
2 3 962465532
500000000 3 500000000
3 387420488 536870912
500000000 500 387420488
387420488 536870912 2
6 3 608407678
8 3 750266351
3 536870911 3
387420489 536870912 18
18 3 3
2 500 3
7 2 978007572
2 2 387420489
6 10 475516581
2 4 74936208
3 8 836172376
500000000 18 500
1 500000000 18
3 3 3
7 5 366875313
1 3 302229127
387420489 387420488 1
1 5 509663099
387420489 2 387420488
18 536870911 3
1000000000 3 500000000
536870912 500000000 18
500 536870912 18
2 9 460268187
536870912 3 1000000000
10 9 146751562
1000000000 536870911 387420489
1 536870911 536870912
387420488 387420489 500000000
536870912 536870911 500
10 5 342129183
1000000000 536870912 1000000000
4 8 721170251
387420488 500 387420489
18 500000000 536870912
2 10 200647482
18 387420489 387420488
387420489 500000000 387420489
8 4 173701955
536870912 536870912 536870911
1 2 536870911
2 5 146873950
500000000 387420489 536870912
500000000 536870912 1
4 9 866801100
9 10 496868329
4 9 949874121
8 10 882145267
1 7 470395758
3 1000000000 18
4 9 702651557
9 7 493115020
2 3 1000000000
500000000 387420488 387420489
7 7 767635550
387420489 2 3
387420489 536870911 3
7 7 357035191
6 8 121123213
4 10 760943106
10 8 784063129
3 6 94050255
500 536870912 1
6 4 432597915
3 3 536870911
1 8 476791791
18 500 536870911
1000000000 387420489 500
3 536870911 387420489
2 387420489 500
1 4 665655534
2 8 229654842
5 5 942731913
536870911 500000000 3
2 3 387420489
10 8 918849964
6 7 284844862
387420488 500000000 536870912
536870911 18 536870912
4 5 760857484
9 9 284431456
6 3 648311300
6 5 224214632
3 387420489 18
2 18 1
7 9 811452446
3 3 834875889
1000000000 536870912 2
500000000 387420488 1
9 7 818501858
1000000000 387420488 387420488
387420488 2 536870911
7 7 416896216
4 8 936889334
6 9 780478328
536870911 18 500
1 1000000000 2
1 3 17016004
18 1000000000 500000000
3 536870912 3
4 4 414601132
2 18 2
1 18 387420488
387420488 18 387420489
2 536870911 1
387420488 500000000 18
1 3 720985328
1 2 536870912
500000000 387420488 536870911
1000000000 500 3
500 18 387420488
1000000000 387420489 536870912
18 387420488 500
500000000 500000000 1
3 500000000 1000000000
500000000 18 18
1000000000 536870912 500
500000000 3 3
500000000 18 1000000000
2 8 817985447
536870911 387420489 3
5 8 854830697
387420489 2 500
1 9 492993363
387420489 3 3
10 8 876603124
500000000 500000000 2
2 387420489 18
2 387420489 2
500 500 387420488
536870912 536870912 500
387420488 3 387420488
3 3 617678870
500 387420488 1
387420488 1000000000 387420489
1 536870911 1
5 6 695639386
500000000 387420489 536870911
1 18 500
3 6 880290115
18 2 500000000
1 536870912 18
500000000 1000000000 18
387420488 3 500
3 536870912 1
3 9 268456884
387420489 1000000000 1
387420488 500 536870912
3 3 814028314
500000000 536870912 500000000
18 500 1
4 9 445678064
500000000 1000000000 536870912
2 5 63506225
387420489 1000000000 500000000
2 2 18
3 3 236673306
536870911 2 500000000
10 9 869746761
1 7 405419118
3 2 719310334
387420489 500 536870911
4 3 638475016
4 2 682070017
1000000000 500 2
5 6 307625755
3 18 18
6 8 134988569
6 10 392892858
387420489 536870912 500000000
6 6 565608699
6 8 496564491
500 500 500
3 3 18
1000000000 387420488 536870912
6 3 891658024
3 7 249390806
1 9 537813864
500 500000000 500000000
2 500000000 1
387420488 500 1
500 1000000000 500
536870911 387420488 1
3 6 734343866
500000000 536870911 1000000000
536870912 18 18
1 10 801376150
536870912 500000000 500000000
1000000000 536870911 500
387420488 387420489 18
387420489 387420489 2
1000000000 500000000 2
536870912 387420488 18
7 8 940494645
387420489 3 536870912
387420489 1000000000 1000000000
2 500000000 2
500000000 387420489 18
3 500 500
3 1000000000 1000000000
18 1000000000 387420489
500 1000000000 387420489
10 8 295821824
3 9 409822882
8 8 350734888
1000000000 500 536870912
3 2 536870911
9 5 294571404
500000000 500 536870912
1000000000 2 536870911
1 500 3
18 18 500000000
536870911 1000000000 2
10 8 211273889
1 3 957858180
500000000 536870912 18
7 4 584842298
536870912 536870912 387420489
18 2 387420489
3 8 411033392
3 2 500
387420489 536870912 1
387420488 536870912 18
5 7 507801080
6 2 366989864
4 3 758313203
500 2 536870911
500000000 500000000 387420488
5 7 942286968
1 536870911 387420488
387420488 500000000 1000000000
1000000000 387420488 1000000000
1 500000000 2
18 500 500
1 2 2
387420489 387420488 500000000
2 536870911 1000000000
1 3 500000000
3 5 684496411
536870912 18 1000000000
536870911 18 536870911
6 5 870292521
18 18 536870912
1000000000 500 500
6 7 456993981
18 500 536870912
1000000000 500000000 1
7 3 126364782
500000000 500 500
536870912 387420488 2
1 3 191136170
9 2 536708060
10 2 55506083
1 2 387420489
387420488 18 387420488
1 8 691773650
4 8 302449148
3 4 434273259
1000000000 536870912 536870912
10 5 543209058
9 5 761588850
2 8 668064382
2 8 463410401
1 500000000 500
10 4 658884749
536870912 2 18
10 7 711816315
500000000 387420488 18
6 5 757315522
7 6 745838475
8 9 30222092
1 18 2
9 8 135741570
500000000 500000000 387420489
3 387420489 536870912
18 2 18
8 6 763558387
536870911 536870911 500000000
500000000 1000000000 1000000000
387420488 536870912 500
500 3 1000000000
10 4 417020949
536870911 500000000 1000000000
387420488 536870912 387420488
387420488 536870912 3
2 18 387420488
387420488 387420488 387420488
4 2 50204254
536870911 536870912 500
18 387420488 387420488
536870912 500 387420489
536870911 1000000000 500000000
8 2 466373497
10 6 627364565
536870912 1000000000 500000000
500 536870911 18
1 387420488 1
4 4 244742350
6 2 896216877
4 9 163000327
500 387420489 18
3 536870912 500
2 8 920037246
3 6 841502493
5 5 968942485
536870912 18 1
387420489 2 1000000000
1 10 879671439
1000000000 1000000000 536870912
2 10 664637364
1 536870911 3
536870911 3 18
536870912 2 2
8 3 451486880
1 5 806355502
536870912 387420489 500
1 387420489 1000000000
3 2 83287330
2 3 690199377
387420488 2 387420488
387420489 18 536870912
8 10 715245521
3 387420489 500
1000000000 2 2
18 536870911 387420489
7 6 145305117
2 536870912 1
2 2 500
7 5 926621132
536870911 536870912 500000000
536870911 2 1000000000
387420489 2 2
2 18 3
10 7 428823049
1 1000000000 387420488
2 2 705766546
1 8 898195556
5 2 883249162
387420489 3 387420488
500 536870911 500000000
2 10 425387569
500 500 1000000000
5 2 842686364
2 387420488 1
387420488 387420488 2
536870911 536870912 387420488
7 3 827652410
2 536870912 536870911
1 10 990513093
536870912 3 1
2 8 491883889
18 387420489 2
3 18 500000000
536870912 1000000000 536870911
387420488 387420489 387420488
18 3 387420489
2 2 3
2 387420489 536870912
6 6 543159179
536870911 536870911 3
2 500 387420488
8 3 939651840
1 10 289253607
8 2 51429573
2 3 500000000
8 6 674979022
387420488 2 2
2 7 396156518
7 8 40949251
536870911 536870911 387420488
3 536870912 387420489
9 3 653154001
9 5 875226213
387420489 500000000 500000000
500000000 387420488 3
500000000 500000000 1000000000
18 500 18
8 8 516794215
1 2 750865998
536870912 2 387420488
2 3 536870912
8 6 77597996
10 7 944631296
536870912 500 1000000000
1 387420488 3
1 536870912 500
6 8 939433846
536870911 18 3
1000000000 387420489 500000000
10 2 935257613
387420489 18 2
387420489 18 387420488
2 4 807144376
7 5 260016550
3 3 642750453
1 5 23929697
3 500000000 500
1000000000 18 536870911
4 3 953261208
1000000000 18 1000000000
536870911 1000000000 387420488
387420489 18 1
6 9 906130695
3 536870912 536870911
3 9 629967822
7 5 973556617
387420489 2 536870911
536870911 1000000000 3
10 7 554395497
1000000000 18 3
3 9 687119442
3 2 498806081
500 18 3
4 10 316225866
6 5 164701382
387420489 387420488 3
1 3 702164736
387420489 387420489 536870911
4 4 280341587
3 4 514436110
18 3 536870912
5 5 692556863
1 8 395876955
5 5 769502212
1000000000 536870911 387420488
1000000000 18 1
3 10 989101503
9 6 327186029
1 500000000 1
387420488 1000000000 500000000
3 536870911 536870911
5 8 192621063
500 387420489 387420489
536870911 18 18
500000000 536870911 2
6 6 698027055
18 18 3
5 9 11697991
500 3 387420488
3 4 194942200
536870912 387420488 1000000000
500 3 3
8 7 180719327
387420488 536870911 536870912
4 3 876520833
500 2 18
536870912 500000000 387420489
387420488 2 3
9 5 255844262
1 1000000000 500000000
3 3 136766871
5 5 314530852
1000000000 3 18
1000000000 500 1
1 6 920979502
7 3 976352833
3 2 918891309
4 5 11632351
387420488 2 1
500000000 536870912 1000000000
8 10 847536596
3 9 788612047
18 500000000 387420489
536870911 536870911 500
536870912 18 500000000
1000000000 500000000 536870911
536870912 500 536870912
8 2 652886213
387420489 536870912 2
1000000000 536870912 3
3 500000000 536870911
18 18 387420488
3 1000000000 2
2 2 44280886
8 4 739121200
500000000 500 387420489
536870911 2 3
2 6 208049216
3 10 290947028
7 9 436180218
10 4 288760412
2 5 769063532
1 7 809641266
4 7 76688399
3 500 1
3 1000000000 387420488
1 4 709563014
536870912 536870911 1000000000
536870912 2 536870911
7 2 306413149
2 1000000000 1
7 10 679960297
1 1000000000 536870912
8 6 280809335
18 1000000000 536870912
8 4 953128720
536870912 536870911 536870912
536870912 3 3
2 7 143723319
5 3 635162826
387420488 387420488 3
3 6 946654621
18 387420488 2
536870911 536870912 3
387420488 18 536870912
1 9 969294838
1000000000 2 500
2 6 204869309
8 3 819719425
1000000000 1000000000 2
10 7 607524308
2 8 206341177
536870911 500 387420489
1 8 584225496
1 3 387420488
7 6 807706264
5 10 689076665
18 3 500
2 500000000 387420489
7 3 462000206
500000000 500 18
10 5 550491646
2 10 190741313
2 1000000000 500
6 6 891401038
500000000 500 2
3 18 3
8 8 730996451
7 4 977298244
387420488 536870911 387420488
3 3 387420488
500 387420489 1000000000
18 1000000000 1
3 500000000 500000000
1000000000 500000000 500
5 2 31236777
9 2 31067247
8 10 94557012
1 4 814504318
500000000 387420489 387420488
500 500 1
500 387420488 3
536870911 2 387420488
500 536870912 500
1 5 976746006
3 3 387420489
2 7 615962992
7 4 78855421
18 500 1000000000
536870912 18 3
1000000000 536870912 536870911
2 2 1
7 10 708416845
18 1000000000 387420488
500 536870912 387420488
536870911 536870911 1000000000
5 7 717587956
2 1000000000 2
536870911 536870912 387420489
1000000000 536870912 387420488
536870912 500000000 500
536870911 536870911 536870911
500000000 387420488 536870912
387420489 387420489 387420489
18 500 387420488
500 500000000 387420489
1 536870912 1
500 2 1000000000
536870912 18 387420489
387420488 3 1
4 5 186907923
6 10 433727464
536870912 18 387420488
500000000 3 536870911
536870911 3 500
3 536870911 2
5 2 429378944
10 5 887884092
500 3 2
387420488 387420489 3
1 10 216469626
8 2 438339433
2 18 387420489
500000000 2 3
10 3 750341851
387420488 2 536870912
500000000 3 1000000000
387420488 500000000 536870911
10 6 591296499
3 10 935424554
5 4 626652707
536870911 18 500000000
3 18 387420488
8 10 797377313
8 8 535313510
4 8 740878085
2 3 536870911
6 5 166294469
500000000 536870911 1
536870912 3 536870911
18 2 1
1 18 500000000
536870912 500000000 387420488
10 8 304435228
387420489 387420488 387420488
1 536870912 536870911
2 2 500000000
500000000 387420489 3
3 536870911 536870912
1000000000 500000000 1000000000
536870911 536870912 536870912
3 536870912 536870912
10 4 733425147
536870911 387420488 387420488
3 536870912 1000000000
18 387420488 536870912
387420489 3 1000000000
5 9 378612551
536870911 500000000 2
1000000000 1000000000 387420488
18 387420488 1000000000
6 9 171487134
3 6 667986058
5 7 670338817
536870912 387420488 500000000
7 2 529838922
7 4 455598083
3 3 47171693
5 8 466329832
8 7 812885759
18 18 536870911
3 500000000 536870912
9 6 776217741
536870911 2 536870911
5 5 537671935
500 536870912 1000000000
3 9 492145565
9 3 780934180
1000000000 1000000000 1000000000
536870912 500000000 536870911
10 6 853980475
10 2 939459173
1000000000 3 387420489
7 9 256175502
1 536870912 387420488
500000000 500000000 500000000
536870911 387420488 536870912
8 2 363867184
7 4 642162184
2 9 191586991
1 536870912 536870912
1 4 195640852
8 8 207039287
4 6 402833880
536870912 536870911 1
536870912 500 1
1 500000000 536870911
387420489 387420489 1000000000
4 10 63600912
1000000000 500000000 536870912
18 536870911 500
500000000 18 2
500 536870912 500000000
3 2 135430401
500 387420489 536870911
1 8 582044876
500000000 387420488 387420488
500 536870911 387420489
9 5 264068493
3 536870911 1
3 3 2
6 2 874104674
1000000000 2 1
1 536870911 18
536870911 2 500
500 500 18
2 5 860054187
1 536870911 1000000000
7 9 836703707
1 1000000000 500
387420489 387420489 500000000
9 6 920676174
387420488 387420489 536870911
387420488 3 500000000
18 18 18
3 2 727237801
536870911 387420488 2
1 2 742507376
387420489 500 387420489
10 7 436783795
1000000000 1000000000 3
2 18 18
500000000 387420489 2
4 6 753484772
18 536870912 500
4 5 252221087
1000000000 536870912 1
4 10 444308793
2 536870911 500
2 387420489 387420489
536870911 2 1
536870911 500000000 536870911
1 8 509839078
8 10 110187364
2 4 20266192
3 2 387420489
500 18 1000000000
387420488 387420488 1
8 5 441416104
387420489 387420489 500
2 536870911 387420488
536870912 1000000000 18
2 1000000000 1000000000
2 2 387420488
3 1000000000 387420489
387420488 1000000000 500
536870912 1000000000 500
2 3 778234313
387420489 536870911 536870911
387420489 500000000 2
500000000 500 536870911
387420489 387420488 18
536870911 500000000 500
3 387420489 3
3 18 2
5 3 915537524
387420489 3 536870911
536870911 18 387420489
1000000000 2 387420489
387420489 1000000000 500
8 10 414763205
6 8 715635821
387420488 387420488 536870912
1 3 3
1 7 126169760
387420489 387420489 387420488
6 3 948706310
500 2 500
387420489 536870912 387420488
500000000 536870912 3
10 3 691904798
2 500000000 3
500 536870911 387420488
1 1000000000 1000000000
18 536870912 2
18 1000000000 18
1 500 500
500000000 2 2
1 7 602912261
536870911 18 1000000000
387420488 500000000 387420488
500000000 3 536870912
536870912 387420489 500000000
18 500 2
387420488 3 18
387420488 500 2
1000000000 387420489 536870911
3 10 100591956
3 7 330325712
8 8 292153086
1000000000 1000000000 500
10 6 394634342
536870912 500 500
10 2 722494957
6 9 604591539
1 387420488 536870912
2 4 436631997
10 6 643752554
3 500 387420489
387420489 536870912 536870911
387420489 18 1000000000
387420488 500 3
3 1000000000 536870912
5 3 483404880
1 3 387420489
2 2 89440720
1 1000000000 1
387420489 500 2
500000000 536870911 536870911
387420489 536870912 500
7 5 977124951
1 18 387420489
536870911 500 500
18 536870911 387420488
1000000000 536870911 500000000
1000000000 1000000000 1
500 18 18
4 10 326055496
500000000 536870912 536870912
7 8 301348951
2 9 212107141
536870911 387420489 536870912
5 9 59557317
2 536870912 3
5 9 126870267
5 10 686038583
3 500000000 387420489
1 387420488 1000000000
536870911 387420489 500
500000000 536870912 500
10 3 928595637
3 387420488 387420488
1 6 206386996
1 536870911 500000000
2 4 459754127
500000000 536870912 387420488
8 5 948838962
8 3 873733389
1000000000 387420488 500
6 5 645545071
500 500000000 3
4 3 395206467
500000000 500 3
3 9 744500581
500000000 2 500
18 500000000 500
6 3 416101376
7 2 515505331
8 6 149124442
2 500000000 536870912
8 5 365634771
4 2 183159319
9 8 290264141
1 3 536870911
500 500000000 2
387420488 500 500
18 1000000000 1000000000
500 2 2
1000000000 1000000000 387420489
1 9 235602818
9 2 362349963
536870912 387420488 387420488
387420488 1000000000 3
500000000 536870912 536870911
4 3 895842260
18 18 1
5 7 950154186
500000000 2 536870911
387420488 3 536870912
536870911 3 387420489
10 3 200270784
387420488 536870911 18
2 6 56703068
1 387420489 500
6 3 636661622
8 5 787585586
10 4 497144205
7 6 789199637
10 9 824355913
3 8 125185328
