2000
387420488 387420488 536870911
500000000 387420488 2
8 303214 138776961
536870911 536870911 536870912
18 536870912 500000000
8 302364 812252312
8 720607 515879423
387420488 18 387420489
1 346879 429962089
6 376780 813450746
7 708906 838355448
536870912 536870911 536870911
536870912 500 387420489
10 564643 321245141
8 778210 210352511
500000000 500000000 2
6 12765 947811110
5 462872 714305270
6 198814 909125407
1 914665 494319880
18 500 500000000
1 622934 746933880
500000000 536870911 1000000000
387420488 387420488 3
18 1000000000 1000000000
1000000000 2 500000000
387420488 387420488 536870912
3 608723 70094665
1000000000 536870912 3
500 3 18
500000000 536870911 536870912
3 231267 651973181
3 500000000 18
2 195504 149762541
6 755225 534827076
3 3 500000000
10 46978 937036210
536870912 1000000000 536870912
536870911 387420488 18
536870912 3 3
500 536870911 536870911
536870912 2 500000000
2 926075 857066244
1000000000 500 1000000000
10 896826 74560799
2 500000000 1000000000
3 863117 483659162
2 387420489 18
536870912 500 18
4 496965 801901723
500000000 1000000000 18
500 18 500
9 335081 568708495
500000000 387420488 3
2 659220 37234813
536870911 3 18
500 387420488 536870912
1 1000000000 1000000000
536870911 18 536870912
536870911 3 536870912
387420489 3 3
5 576257 956986301
7 411830 361835791
387420489 1000000000 536870912
2 108366 750374664
500000000 536870912 1000000000
387420488 1000000000 2
10 327489 279624388
500000000 536870912 3
387420489 500000000 1000000000
10 889408 113249897
5 963810 655412576
387420488 3 500000000
2 355008 74181082
3 103642 654580025
2 790500 437204709
536870911 536870912 2
387420488 500000000 500000000
4 610928 73564478
536870911 500000000 387420488
2 310063 221760477
18 1000000000 387420489
2 500000000 18
7 917473 740106747
5 708454 26223077
3 18 387420488
536870911 1000000000 387420488
4 673845 919867429
4 391445 858583165
536870912 387420488 1
7 932707 81411199
3 715830 35838802
387420488 536870911 387420489
500 3 3
3 2 2
7 285495 968982209
1 593669 8914351
3 500000000 3
10 195549 495277843
6 601378 592328927
8 693992 511044636
2 262747 521966315
1 104577 300271217
500000000 18 1000000000
1000000000 500 387420488
2 500 536870912
1 332883 475822531
4 830686 605590788
1 387420488 500
2 500 18
500000000 500000000 536870911
4 495335 293302420
500 2 387420489
536870911 500 1000000000
2 187379 990906567
500000000 500 1000000000
1000000000 536870911 18
1 50126 317935581
1000000000 536870911 387420488
18 536870912 1
8 191319 549887629
387420489 1000000000 387420489
3 500 536870911
10 384808 557945283
1000000000 2 536870911
500000000 2 387420489
1 500000000 1000000000
1 113852 142890369
3 500000000 500
3 342992 305226331
387420488 500 536870912
18 536870912 18
387420489 1000000000 536870911
6 912846 791105778
536870912 536870912 1
10 531030 423071055
500000000 387420489 1
387420488 536870912 536870911
3 729198 433052058
5 664083 100317736
18 1000000000 387420488
500000000 3 18
387420488 3 18
4 78591 385717868
3 811608 676109663
4 951635 799694144
1000000000 18 2
9 906022 577994143
6 458717 523416670
5 47557 272346053
18 2 387420489
2 370498 92690507
536870912 1000000000 500000000
2 751211 199053096
1 1000000000 500000000
2 500000000 1
536870911 3 387420488
7 445745 581324812
8 815195 887647182
387420488 536870911 500
3 653169 973228079
1000000000 500 536870911
7 901592 396054509
1000000000 18 387420489
18 536870912 2
1000000000 536870912 387420488
2 335517 846270226
1000000000 387420488 387420489
9 994022 322720923
1 439472 233270029
387420488 1000000000 536870912
536870911 500000000 1000000000
6 168844 768419995
387420488 1000000000 18
500000000 387420489 3
1 387420488 1000000000
1 343677 194602134
1 536870911 500
1000000000 536870912 18
7 45504 835942104
1 1000000000 1
9 153427 640537231
387420488 387420488 500
387420488 536870911 18
1 536870912 1000000000
536870911 18 387420489
500 387420489 536870912
18 536870911 2
9 797706 258463129
7 404503 341546669
1 1000000000 536870911
536870911 387420488 1
10 307928 183432374
1 61511 989753678
9 899050 602912223
7 262769 123261213
387420489 500000000 500
500000000 1000000000 536870912
6 872174 363766956
5 578936 290277446
2 291294 335807064
387420488 500 2
9 872165 240811019
9 428873 547007651
3 2 18
536870911 18 536870911
536870911 387420489 536870911
2 515543 420047386
1000000000 3 1
4 611806 511166241
2 371469 14697170
387420489 387420488 3
1 387420489 3
2 474749 576898222
1 2 536870911
387420488 3 387420489
1 18 536870911
9 45836 728827956
500 18 500000000
18 500000000 3
3 229516 616628597
500000000 387420488 536870911
536870912 536870911 18
18 18 1000000000
1 387420489 536870912
4 498778 503359276
1 18 536870912
9 300294 589137515
536870911 2 3
1000000000 536870912 1
2 151937 522516532
9 789580 990196880
18 18 3
2 1000000000 500
500000000 500000000 387420488
536870911 2 18
536870912 500 1000000000
387420489 500 18
10 409250 806458450
1000000000 3 2
500000000 3 536870911
10 74787 844142807
6 841494 502229001
536870911 1000000000 2
387420489 536870912 1000000000
2 387420489 3
18 387420488 500000000
18 500000000 536870912
1000000000 536870911 500
3 536870911 2
3 500000000 500000000
8 664342 629572332
387420489 2 18
1 131517 370018290
10 834175 758380076
387420489 536870911 3
2 3 3
8 733657 421757109
500000000 18 1
9 437363 117868691
1 536870911 500000000
3 241355 719750758
5 465298 746977222
6 667569 756396571
10 278118 64714205
2 3 2
1000000000 3 500000000
1000000000 18 18
2 682433 238247206
2 500000000 387420488
2 93263 150628086
1 500000000 536870911
1000000000 18 387420488
2 863298 308500248
4 573829 126448000
18 387420488 536870911
5 816372 227753187
5 52402 520704793
536870912 1000000000 1000000000
5 795767 890136390
18 536870911 536870911
9 910244 37725758
500000000 387420489 18
5 419921 246987406
500000000 2 18
5 646729 706491109
2 344676 188940647
387420489 2 1000000000
387420489 387420489 536870912
500 387420488 2
536870912 536870911 387420489
18 387420488 387420489
1 906072 692461169
3 536870911 1
1000000000 3 3
5 516700 471637187
536870911 500000000 536870911
3 536870911 1000000000
10 431715 18039616
18 18 536870911
4 123502 283830166
500000000 536870912 387420489
3 147697 991744105
500000000 3 536870912
10 198173 523329595
500000000 536870911 18
10 389548 231980246
1 536870911 18
536870912 387420489 500
6 422954 794036017
7 509169 326783978
1000000000 387420489 1
500 387420488 500000000
2 387420489 500
1000000000 536870911 536870912
6 601675 444444297
387420488 536870912 3
500000000 2 2
4 309222 382148526
3 972158 85009687
10 538546 299381985
1000000000 500 500000000
3 500 387420488
10 525101 758153524
500000000 3 387420488
536870911 387420489 1000000000
9 585198 229036235
500000000 500000000 18
1000000000 3 536870912
387420489 536870912 500
18 536870911 18
536870911 2 2
3 3 500
1000000000 387420489 1000000000
500 387420488 387420488
387420488 387420489 3
1000000000 536870911 1
536870911 536870912 536870912
2 387420489 1000000000
1 3 387420489
8 15085 580031443
500 1000000000 1000000000
3 18 500000000
1 500000000 2
3 215797 330289335
536870911 536870911 1
2 2 1000000000
536870911 18 2
2 387420489 2
5 695546 595857600
536870911 536870911 500000000
3 18 536870911
2 3 536870911
387420488 500000000 387420489
3 536870912 500
8 651914 733449216
4 194805 540451729
387420488 1000000000 536870911
1 387420489 1000000000
387420489 387420488 1
5 227889 26973374
1 18 1000000000
1 3 1
1 2 2
1 466243 632609557
1 1000000000 387420489
9 676058 520016012
3 536870912 18
2 968202 632037729
500 536870912 3
1 387420488 387420489
1 957424 437105987
387420489 18 500
1 855240 13390049
2 710853 6800957
2 385094 820750022
10 350027 26940053
3 583770 352336900
536870912 536870912 500000000
2 3 1000000000
3 387420489 1000000000
18 500000000 387420488
536870911 1000000000 3
536870912 536870912 18
500000000 2 1
2 500 387420488
2 1000000000 18
500 387420489 387420489
18 2 500
2 500 387420489
1000000000 1000000000 536870912
10 970174 206047096
1000000000 1000000000 536870911
387420489 18 387420488
1000000000 500000000 536870912
500 387420489 500000000
500 536870912 18
1 536870911 536870912
1000000000 1000000000 18
10 453912 220768356
3 536870911 387420489
500 18 1000000000
536870911 500 3
536870911 500 536870912
387420488 536870912 1000000000
10 862891 620626217
10 410354 95688922
2 536870912 536870911
387420488 500000000 536870911
6 880627 297053309
3 778950 576280083
2 649834 417613656
3 35312 132766753
500 500000000 3
18 3 500000000
2 450410 339089915
387420488 500 500
1 387420488 18
387420488 500 500000000
2 536870911 1
18 536870911 500
536870911 536870912 3
536870911 18 500
5 95087 397534994
8 90333 600035790
387420489 500000000 1
387420488 1000000000 500
1 181350 125526983
5 167130 20735936
3 876180 381247181
6 101493 848602016
536870912 500000000 500000000
536870912 1000000000 3
6 524727 445956665
8 506862 52419244
18 2 536870912
536870912 3 387420488
536870912 2 3
3 3 1000000000
2 500000000 536870911
7 19140 524466148
2 130102 900030810
2 379116 89060044
536870912 3 1000000000
9 941162 636788404
387420488 18 536870911
1000000000 18 1000000000
536870912 500 2
6 140416 177247261
18 500 387420489
9 484442 871578071
387420488 2 3
6 22719 751337140
500000000 500 18
3 3 1
3 26985 853043481
500000000 18 500
6 884840 435066003
536870912 387420489 1
8 324744 809605870
536870912 536870911 500000000
3 3 2
2 500 1
5 593183 916325868
536870911 3 536870911
1 277022 798976413
387420488 2 536870911
1 500 3
5 886921 358441099
6 740001 152754189
500 536870912 2
6 665537 599617429
500 536870912 1
1000000000 536870911 536870911
6 800325 660707185
8 707331 3495954
387420488 18 387420488
2 500 2
1000000000 500 536870912
18 500 387420488
500000000 387420488 536870912
500000000 500000000 500000000
2 2 500
500000000 536870912 387420488
536870912 1000000000 387420488
7 421778 13694822
2 488557 949303459
1 387420489 387420488
536870912 500000000 387420488
387420489 2 536870912
1000000000 387420488 500000000
1000000000 536870911 1000000000
387420488 500000000 1
536870911 500000000 3
500 500 500000000
387420489 2 387420489
536870912 3 500
3 633637 504902513
500 536870911 1
2 281839 797415188
4 840022 626929010
387420489 3 1
3 151127 168480794
5 616486 448428945
500 18 536870912
536870912 500 536870912
5 752953 700854379
387420489 2 387420488
5 445960 847298054
10 354312 619910203
7 450496 79097234
387420489 3 500000000
10 885182 333112840
1 387420489 2
1 500 536870912
536870911 536870911 3
1 948885 343431598
387420489 18 3
536870911 18 1
387420488 387420488 1
9 841231 131271214
9 847439 891456373
4 924902 322047720
9 106980 537309722
387420488 500000000 3
10 260833 442691282
2 998937 551103029
536870912 18 3
536870911 387420488 1000000000
4 64074 63003904
1 1000000000 2
6 797855 591674231
2 982383 827282736
2 500000000 536870912
387420488 1000000000 387420489
387420488 500000000 387420488
4 23294 119425475
387420488 536870912 387420489
18 500 18
4 195789 886133244
10 267942 643008022
2 18 2
5 311322 407409774
536870912 387420488 18
9 853158 962000863
536870911 3 1
10 86116 272447156
2 16752 69042050
387420489 2 1
387420489 536870912 536870911
500 500 387420489
4 713437 855985054
2 2 536870912
387420489 500000000 3
9 896873 260809042
536870911 500 2
2 1000000000 387420489
3 500 1
3 3 536870911
3 1000000000 387420488
2 536870911 18
387420489 536870911 387420488
3 821354 935943246
9 724090 970315176
387420488 387420488 387420489
536870912 18 2
2 847203 465326830
536870911 2 1
3 2 500
2 2 3
1 500 1
387420489 500 536870911
2 387420489 536870912
4 974709 469110903
1 458701 764184568
500000000 387420489 500
18 1000000000 536870911
1 536870911 1000000000
2 536870911 500000000
500 3 387420488
536870911 500 536870911
10 161304 158716995
536870911 1000000000 387420489
3 387420488 536870911
5 87616 19738945
3 965568 48967219
3 387420489 18
9 637762 907294049
500 536870912 1000000000
6 906600 225970537
500 536870912 536870912
387420489 536870912 3
500 387420488 3
536870912 387420489 387420488
8 33503 17427445
3 90747 268870267
500 2 536870911
387420488 536870911 500000000
8 300306 918275267
536870912 387420489 18
500000000 500 1
18 3 1
7 515357 154208813
1 840914 727920176
387420488 18 1
500 536870912 387420488
536870911 3 500
4 489475 834536520
387420488 387420488 18
6 214237 107190216
4 539050 969135653
500000000 1000000000 500
500 536870912 387420489
6 922899 877864142
500000000 18 18
18 536870912 387420488
1 725781 34600414
5 308735 284871730
387420489 18 1000000000
6 345411 685107807
4 679766 10848734
8 481014 744084023
1 387420489 387420489
3 690163 267466331
500 1000000000 18
1 500000000 1
387420489 536870912 1
6 719267 900805659
6 912151 614566394
536870911 536870912 536870911
500000000 387420489 387420488
7 666045 512083573
536870911 3 500000000
2 928291 986431538
4 169183 301598430
3 516486 158852684
536870912 536870911 1
500 500000000 536870911
9 988292 621867697
536870911 2 387420489
2 18 18
8 18488 208103236
387420488 387420489 1000000000
6 192903 79897752
6 373451 61026129
7 652628 858398132
10 882813 508013109
500 500000000 1000000000
8 417027 15540744
18 387420489 500000000
4 993912 255328925
500000000 3 1000000000
1000000000 387420489 500
3 761500 611782576
536870912 387420488 536870912
536870912 500000000 536870912
7 742558 529478449
10 973677 290996141
5 795539 307416764
1 536870912 536870911
10 536620 388283542
536870911 387420489 1
3 18 387420489
1000000000 500000000 2
2 500 500000000
8 35677 107736045
500000000 3 3
8 116961 748294882
18 536870912 1000000000
3 387420489 3
1000000000 18 536870912
2 312162 323088277
500000000 1000000000 1
3 536870912 387420488
3 926010 989484020
3 536870912 3
7 902906 47377664
387420488 536870911 536870911
500000000 18 536870911
3 180756 631801556
500000000 387420489 500000000
500 387420488 1
536870911 387420489 387420489
1000000000 387420488 536870912
5 588242 483482971
3 536870912 2
5 787724 522674911
7 497811 951173250
1000000000 387420488 2
5 855462 480142039
4 866328 339334699
4 788005 999312822
5 559637 84544203
500000000 500 387420489
2 1000000000 536870912
9 401422 993815501
500000000 500000000 1
3 387420489 1
2 2 18
6 425371 129387016
387420488 3 2
536870911 2 500
9 388542 362467180
536870912 18 387420488
536870912 500000000 1000000000
3 536870911 387420488
536870912 536870911 500
8 406818 369432413
7 872037 699173105
1 536870912 2
2 500000000 3
387420489 3 18
8 234744 595918570
8 573168 968323513
536870911 500 500000000
387420489 536870911 500000000
2 500000000 387420489
1 500 500
3 536870912 387420489
18 2 500000000
6 458706 636854361
387420489 387420489 500
387420488 1000000000 1000000000
6 17497 22227795
9 971263 278436631
18 3 500
10 908571 887671975
2 853021 785979482
2 295159 268628959
1 1000000000 18
500 500 1000000000
7 994680 28268845
18 536870912 536870912
2 963123 771299458
9 349445 95108960
2 536870912 1
4 827930 872356143
2 387420488 1
387420488 18 18
500 2 1000000000
500000000 1000000000 3
3 103364 244621865
1000000000 387420489 18
2 582751 993407999
5 46097 978010320
1000000000 500000000 387420489
536870912 500 500
18 3 1000000000
3 2 536870911
3 387420488 1
1000000000 2 1000000000
536870911 536870911 387420488
1 743947 253531047
3 3 387420488
1 18 500
1 2 500
5 124353 871997221
5 259391 595888184
9 349433 992531473
1 2 387420489
387420489 387420488 500000000
387420489 2 3
3 1000000000 1
500000000 536870911 387420488
500 387420488 536870911
3 951793 628274363
536870911 500 387420488
1 356300 531957585
8 756907 37790851
500000000 536870911 387420489
5 934118 410980340
2 903542 684722444
10 635015 506402438
1 72177 150791002
3 18 500
3 18 2
4 16378 511645590
18 536870911 536870912
1000000000 1000000000 3
536870911 500000000 1
4 256845 443863291
1000000000 3 18
7 237158 720556291
1 883264 87436704
500 387420489 500
4 782670 135682551
536870912 2 536870912
1000000000 536870911 387420489
6 261442 41278241
2 536870911 2
500 1000000000 500000000
387420488 500000000 18
4 567403 464515262
2 259785 313492239
8 485459 2618077
387420488 3 3
536870912 536870912 500
536870911 387420488 500
1000000000 18 3
536870911 2 387420488
1 387420488 536870911
4 547216 680355741
1000000000 536870912 1000000000
500 500000000 500
3 741138 882651915
536870911 536870911 2
5 437968 631403101
387420488 387420489 500
500000000 387420488 1000000000
1 472729 426027269
8 612981 127167587
1000000000 18 500
18 387420489 3
536870912 536870912 1000000000
536870911 1000000000 1
387420489 387420488 387420489
18 500 1000000000
6 754194 411628859
500000000 18 387420489
1 318478 885896359
3 533875 400580477
387420489 500000000 536870912
1 298602 963326696
9 434494 864365507
1 500000000 500
387420489 536870912 387420488
3 500000000 536870911
4 948045 703403693
500000000 18 500000000
10 957745 872689657
3 60069 797502441
10 379080 621152186
2 491567 966710466
3 624980 221339454
10 712427 129202512
9 674047 530834751
2 387420488 500000000
18 387420488 18
536870912 3 536870911
387420488 18 500000000
18 3 387420488
4 954128 355810099
1 661499 903515824
387420489 387420489 3
2 141033 581537012
5 495595 355250527
9 979447 178789133
500000000 500000000 3
8 282846 801083249
2 1000000000 1
500 387420489 1
2 536870912 500000000
536870911 2 536870912
536870911 387420488 387420488
1 88482 527084547
1000000000 3 1000000000
387420489 536870912 536870912
3 2 1000000000
3 500 536870912
5 208605 733872018
8 114809 875711242
6 17158 343150898
536870912 536870911 387420488
1000000000 500000000 1000000000
1000000000 1000000000 1
536870911 387420489 387420488
536870912 18 387420489
8 103320 583778501
1 196760 239709839
536870911 387420488 387420489
6 850657 942326562
387420488 536870912 536870912
6 622112 717717293
387420489 500000000 536870911
1 536870912 500
9 238027 192527992
2 536870911 387420489
9 793125 863076844
536870912 387420489 3
8 235409 392894957
6 846783 878937108
1000000000 18 1
500 500000000 2
387420488 2 1
7 71450 458426936
2 596431 663494807
7 684598 313723420
1 500 2
6 213230 671303238
387420488 387420489 536870911
8 446232 360660864
536870912 1000000000 536870911
387420488 500 387420488
8 807953 215454277
536870912 387420488 500000000
7 499593 423627871
2 213588 338801245
10 543851 838150583
8 85410 189587433
387420489 18 387420489
7 819922 859731855
536870911 536870911 387420489
536870911 18 500000000
18 536870911 3
10 112746 772886987
387420488 536870912 2
3 1000000000 18
3 319500 487733427
8 660876 888644831
500 3 1
500 536870911 387420489
3 500 1000000000
8 391867 938069732
2 18 387420488
10 680159 35828380
5 201031 832223122
1000000000 1000000000 1000000000
18 500 2
7 206520 744556021
18 387420489 536870911
500000000 500 500
3 500000000 387420488
500 536870911 1000000000
18 536870911 387420489
3 407080 516881325
3 500000000 1000000000
1 308538 655136206
5 316078 792508197
5 346179 30778800
500 536870911 500000000
536870911 500 1
1000000000 536870912 500000000
536870911 536870912 387420489
1000000000 500 387420489
1 18 2
1000000000 387420488 3
9 121984 139670042
536870911 3 387420489
9 959993 777810931
536870912 18 536870912
1000000000 387420489 500000000
1 387420489 500000000
500000000 2 1000000000
536870912 18 1
5 39555 131655673
1 538839 396444023
1 536870912 536870912
7 127093 538849433
5 928710 96753008
387420489 387420489 387420489
500000000 536870911 2
4 489456 169995548
9 704165 13972338
3 18 1
6 51095 531276863
6 152917 859851615
6 278115 730732552
500 2 500
536870912 536870912 2
536870911 1000000000 536870912
2 387420488 500
3 536870911 18
3 1000000000 2
4 298249 55911666
500 500 2
2 387420489 1
10 321928 663366767
500 18 536870911
4 497875 376785180
536870912 387420488 3
3 716147 779042494
1 500000000 536870912
7 838240 693082360
9 55125 984413223
5 918982 60710110
1000000000 387420488 500
2 33207 286611311
500 2 536870912
536870912 387420488 536870911
5 131158 766431344
10 747720 1782158
1000000000 536870912 500
9 28875 976590401
536870911 387420488 500000000
4 467151 37687743
500 1000000000 536870911
387420489 500 500000000
3 513559 827115702
2 327899 984191992
18 536870912 387420489
18 1000000000 1
536870912 18 536870911
18 500 536870912
7 252406 583795477
2 1000000000 500000000
5 980491 950192085
3 500 500000000
2 472976 743273099
10 492648 631417925
3 2 1
8 697146 63729464
387420488 387420489 536870912
500000000 18 2
2 387420489 500000000
9 674432 344602636
387420489 18 536870912
536870912 536870911 536870912
3 37695 956755210
3 6388 963229263
500 18 18
6 425611 234386267
536870912 500000000 1
500000000 536870911 500000000
8 742598 373875333
3 320493 334370032
500000000 2 500
536870912 536870912 3
18 387420488 3
387420488 500 1000000000
3 500 500
536870912 1000000000 500
500 387420488 387420489
500 500000000 1
3 387420489 536870911
536870911 387420489 18
1 3 2
9 374902 781032525
2 498114 134104950
3 678639 178272723
2 167126 948595144
2 462495 801337142
18 500000000 1
500000000 3 500000000
1000000000 2 18
2 1000000000 387420488
387420489 1000000000 1000000000
387420488 3 1000000000
1000000000 536870911 3
387420488 1000000000 500000000
1 3 500000000
7 288795 483110795
6 775469 356493150
536870912 3 1
18 387420488 1
387420488 500 1
4 567513 669214697
8 849966 989431546
1 407578 91780755
1 896213 200342273
4 761178 405148635
2 387420488 536870911
3 2 387420488
387420488 536870911 2
536870911 500000000 500
1 788689 81689364
1 3 536870912
2 1000000000 1000000000
500000000 387420488 387420488
387420488 2 500000000
1 487561 394289662
6 983157 84095264
387420489 3 2
536870911 387420488 2
387420488 2 2
536870912 500000000 18
1 701606 428551715
387420489 500 1000000000
1 811357 662681294
1 18 387420488
500000000 2 536870911
18 2 1000000000
10 417799 416049809
500 2 500000000
1 500000000 3
1000000000 387420488 536870911
387420488 387420488 387420488
5 966212 795817697
500000000 536870911 500
387420489 536870911 1000000000
2 2 387420488
6 54317 682204051
536870911 500 387420489
7 34967 207404904
500000000 536870912 18
18 500000000 1000000000
3 500 387420489
18 2 2
3 18 3
387420488 387420489 387420488
500 500000000 387420489
3 473592 337665877
1 536870912 3
7 99590 201600323
1 387420489 536870911
2 975994 430974635
3 387420488 2
536870912 500000000 536870911
1000000000 387420489 3
1000000000 500 1
3 3 536870912
536870911 500000000 2
500 536870911 18
9 86414 490115721
536870912 500 3
18 500 500
1 18 1
1 536870912 18
3 1000000000 536870911
3 500 2
1 145077 685811950
500000000 2 500000000
6 685284 389180666
2 436347 590894947
536870911 536870911 18
18 500000000 536870911
536870912 2 1
18 500000000 500
18 387420489 1
18 536870911 1
536870911 536870912 500000000
536870912 1000000000 387420489
18 18 1
2 500 1000000000
536870911 387420489 3
387420489 387420489 536870911
2 1000000000 3
1 26503 214202638
2 536870912 500
8 78954 627136147
1 262535 797620533
10 874279 449793088
5 230347 655947859
2 469028 420619685
5 31706 431298033
536870912 500000000 387420489
387420489 536870912 18
536870912 3 2
536870912 3 18
1000000000 18 536870911
2 387420489 387420489
500 536870911 2
8 318808 243863613
1000000000 387420489 387420489
3 2 3
536870912 387420489 536870912
3 3 18
536870911 387420489 500000000
1 2 3
4 394428 272919876
5 569178 973602146
3 2 536870912
8 172780 718052976
2 3 387420489
9 8144 715315789
3 536870911 500
500 387420488 500
10 878266 539388841
3 934932 453752414
3 387420488 387420489
18 18 536870912
536870912 387420488 500
500000000 387420489 2
8 256200 876735541
8 737602 129416621
9 979842 634942288
7 465674 170031243
500 18 387420488
3 3 387420489
387420489 536870912 387420489
1000000000 387420489 387420488
4 888332 686492086
7 921969 928825218
7 434245 13312383
387420489 500 387420488
10 814434 945367459
1 759419 803697534
10 166263 61498227
7 962980 11411538
500000000 387420489 387420489
1000000000 387420489 2
18 500 536870911
2 387420489 387420488
18 387420489 387420488
387420488 500000000 536870912
18 500000000 500000000
387420489 500000000 18
500000000 536870912 2
500000000 387420488 500000000
2 500000000 2
387420489 536870911 500
536870912 387420489 500000000
387420489 387420489 387420488
500 500 1
536870912 387420489 2
10 904304 285415476
18 2 536870911
387420488 536870911 1
3 288973 916088606
1 387420488 500000000
1000000000 536870912 536870912
536870912 536870911 3
500000000 1000000000 500000000
1 499897 659041951
6 753620 739520343
536870912 387420489 1000000000
5 355644 71055022
1 536870911 1
500000000 500000000 1000000000
3 31769 594874024
8 43208 230937356
2 3 18
500 1000000000 387420488
387420488 500000000 500
387420489 500 500
500 3 2
4 287830 255166540
3 387420489 536870912
387420489 1000000000 1
9 77108 587362014
387420489 3 387420488
7 19342 363540191
8 221424 441505544
2 536870912 2
500 536870911 3
6 206624 437006398
2 18 536870911
500000000 2 3
500 1000000000 3
387420488 18 1000000000
3 387420489 387420488
18 1000000000 536870912
6 536125 219853431
2 2 536870911
7 9943 37098112
8 477047 736347694
9 475957 714983499
9 240467 48723694
1 193551 163158198
9 341118 549110719
8 444638 129599486
6 178491 391031573
3 963157 520278062
2 387420489 536870911
387420488 3 500
3 536870911 3
387420488 387420489 500000000
3 892743 840050756
3 263229 893915469
10 647130 875314760
2 18 3
536870911 500 500
7 173756 26919453
387420488 3 1
9 381754 430093313
2 536870911 500
2 387420488 387420488
7 905560 957993764
2 536870912 3
8 613713 365932912
1 770858 940006103
1000000000 500 2
500000000 500 2
3 1000000000 3
500 387420489 536870911
500 18 3
2 2 387420489
2 387420488 1000000000
387420489 3 500
536870912 536870912 536870912
4 377040 457874861
18 2 1
500000000 1000000000 2
500000000 500 536870912
387420489 2 536870911
1 197290 493540230
536870911 500000000 536870912
387420489 18 500000000
18 500 3
4 995398 342309926
5 307123 668484591
2 596645 162710630
500 18 2
536870912 1000000000 18
2 18 500
1 536870911 3
10 700793 14679469
18 500000000 18
1 381946 387940071
1 72301 460876152
2 154319 38080506
1 500 536870911
500 500000000 387420488
4 983219 724708253
3 15854 515309874
2 500000000 500000000
8 441680 891290700
2 536870911 387420488
7 886317 744149472
500 500 536870912
9 298247 231888892
8 308329 720367469
387420488 1000000000 3
7 437773 8129752
10 849230 809635483
10 19541 786482244
10 169369 179202966
1 18 387420489
1 510954 14347561
10 175836 905186220
500000000 2 536870912
1000000000 3 387420488
2 3 387420488
5 665153 872091818
500 2 2
1 704987 958772390
3 821755 423320914
500 500 500
1000000000 536870912 536870911
500000000 387420488 500
8 301086 546769977
10 813496 75936738
1 2 536870912
500000000 536870912 536870912
387420489 536870911 536870911
7 931422 474927175
500 18 1
2 897874 435529610
387420489 2 500
3 387420488 536870912
1 387420488 536870912
7 773119 226318358
500 387420489 387420488
387420488 536870912 18
18 536870911 1000000000
536870912 2 18
2 588447 971546896
387420488 536870911 536870912
1 1000000000 3
500 536870911 536870912
18 2 387420488
1 3 3
5 187581 281368953
2 165828 626210775
536870911 2 1000000000
2 1000000000 2
387420488 500000000 2
8 593776 108800539
1 253442 282955763
10 697390 18099042
500 3 500
500 2 1
536870912 387420489 387420489
536870912 500000000 3
536870912 1000000000 1
6 293533 736819927
18 18 387420488
18 18 18
387420488 3 536870911
1000000000 1000000000 387420489
8 992601 146863673
387420488 3 536870912
1000000000 3 387420489
18 18 500000000
1000000000 387420488 1
9 809665 533236869
3 500000000 536870912
387420489 500 536870912
2 536870912 1000000000
7 282633 795556666
1 931120 412630654
5 914551 602149735
387420488 536870911 3
1 500 387420488
2 220431 540583446
1000000000 500000000 536870911
2 387420488 536870912
387420489 387420488 387420488
500 3 500000000
6 836055 586895999
10 982322 158771334
2 482111 419777772
2 592191 758287681
10 903582 355861012
387420489 1000000000 387420488
500 1000000000 500
8 424041 402235332
7 905577 912451463
1000000000 500000000 3
6 717375 537177747
387420488 387420488 500000000
7 778393 352508379
1000000000 387420489 536870912
3 179398 388974711
1 500000000 18
2 18 387420489
500 1000000000 2
18 3 18
387420489 500 3
2 725459 686158682
1 536870912 500000000
3 834304 746486527
1 500000000 387420489
9 412347 855086322
7 135341 273041198
1000000000 500 18
500 536870911 500
6 70203 535689193
3 500000000 2
1 48074 770875626
536870911 536870912 1000000000
4 220066 475952506
387420489 3 1000000000
10 550773 646789471
7 285387 987292279
2 829504 531225960
1000000000 387420488 387420488
1 644617 730316182
10 248498 661670633
1 54957 801495343
536870911 500000000 18
536870912 387420488 1000000000
500000000 3 1
3 74313 162395083
3 455489 910443257
1000000000 387420488 18
1 416167 917831149
1 3 1000000000
500 500 3
500000000 3 387420489
387420488 536870911 387420488
8 35987 360291035
8 517834 798502766
4 480465 574762571
1 2 1000000000
18 387420489 500
7 492933 761447683
1000000000 1000000000 500000000
387420489 18 536870911
10 57396 53902813
7 882610 594726786
500000000 18 387420488
1 146585 829088977
500000000 387420488 387420489
6 890954 278316949
3 3 3
6 456053 252364122
536870912 500000000 500
9 644628 673116991
1 221380 145141694
500 500000000 18
1000000000 500000000 387420488
536870911 387420489 536870912
2 387420488 387420489
5 69735 710697315
10 608932 864911705
3 46335 716015574
18 1000000000 18
387420488 387420488 1000000000
387420488 536870912 1
6 467686 607049845
10 398678 931883199
2 536870911 536870912
387420489 387420489 18
536870911 1000000000 1000000000
8 680840 747544261
2 697034 55502946
1 387420488 1
6 892653 393082204
6 80856 950260621
387420489 500000000 387420489
8 217933 888070848
536870911 387420488 3
6 710429 369225871
2 2 2
3 123356 537581033
9 50043 752129928
3 1000000000 387420489
7 858671 849457025
10 548116 486445707
3 2 500000000
18 387420488 2
6 605438 792451417
500000000 500 3
3 517622 877197765
1000000000 500 3
387420488 3 387420488
2 536870912 387420488
1000000000 500000000 500000000
3 387420489 500
500 536870912 500000000
5 158621 406561946
6 181979 103190117
1 2 18
6 104706 206001445
387420488 536870912 387420488
387420488 2 387420488
6 212756 512407514
2 387420488 3
7 768850 519517636
536870912 18 18
2 526718 359114716
500 1000000000 387420489
1 1586 934869567
1 561945 657469411
5 685039 665520009
387420489 536870911 1
387420489 500 1
18 1000000000 500
3 268642 545831160
4 789680 111391736
2 18 1
2 3 500
6 41573 977917869
9 551268 662588972
3 500 3
3 387420489 500000000
3 387420488 500000000
536870912 3 387420489
500000000 387420489 536870912
2 3 1
18 2 18
500000000 500000000 387420489
1 2 387420488
1 610329 402369742
2 536870911 3
5 630626 140874868
536870912 387420488 387420488
1 735073 900723643
8 600408 767048358
18 536870912 536870911
6 875135 795239037
1 749161 312972404
500 2 3
7 982079 517573492
8 749111 825477444
9 27262 811184662
1 387420488 2
18 536870911 387420488
1 536870912 387420488
500000000 1000000000 387420488
7 387039 209382973
387420488 387420489 1
9 155108 833206926
387420489 387420488 536870912
1 500 387420489
6 14901 984410221
9 914072 750475570
536870911 536870912 387420488
500000000 536870912 1
18 18 387420489
2 387420488 18
536870911 3 3
10 590329 409762538
3 369148 356525239
8 293191 377107136
1 500 500000000
536870912 536870911 2
3 980915 890808587
8 856169 470289666
500 3 536870911
5 966679 262184811
2 486246 650504643
536870912 387420489 536870911
500000000 387420488 1
5 181194 746303989
387420489 387420489 2
536870911 3 2
8 700336 835784952
7 767901 649621945
3 536870912 536870911
500000000 500000000 536870912
536870911 387420488 536870912
536870911 536870911 500
387420489 536870911 18
6 774134 623398344
3 1000000000 500
536870912 536870912 536870911
1 18 18
387420489 536870912 2
5 745142 307226571
9 882646 611124598
387420489 18 18
536870912 18 500000000
1 536870911 387420488
500 500 387420488
1 387420489 18
387420489 500 2
1 303800 478925189
6 868417 900073561
536870912 18 500
3 329877 324004312
10 765029 520997474
536870912 2 536870911
387420488 18 500
387420489 1000000000 18
536870912 500 536870911
3 621623 558348258
5 656623 987022189
536870912 500 500000000
3 991336 929974058
5 147149 796221499
18 536870912 3
3 258181 791244960
1000000000 1000000000 387420488
4 204988 280583212
500 1000000000 536870912
536870911 500000000 500000000
500000000 1000000000 387420489
9 805714 540981853
6 827210 44407738
387420488 500000000 1000000000
6 149718 558743894
1 737894 721422231
18 2 3
2 80322 890029242
387420489 2 500000000
10 584978 399421860
10 972737 884339133
387420488 536870912 500
536870911 500 18
18 500000000 2
1 18 500000000
18 3 536870911
500000000 536870912 500
4 697297 601806734
387420489 1000000000 2
500000000 18 3
536870911 1000000000 536870911
387420489 387420488 2
7 545839 66044237
500000000 536870912 500000000
1 536870911 536870911
500 500 536870911
1 536870912 387420489
2 891253 861117747
7 513339 941488084
4 599218 600956008
536870911 18 18
10 393222 710678448
387420489 536870911 387420489
18 1000000000 2
5 891510 336340864
387420489 1000000000 500
500000000 536870911 3
3 1000000000 1000000000
1 930153 353238846
387420489 18 2
500 500000000 500000000
8 414300 929188703
5 280889 202355363
387420489 3 387420489
4 500742 137488537
5 827175 350633403
6 99172 509261431
3 536870911 500000000
1000000000 536870911 500000000
3 25352 376052207
387420489 536870911 2
387420488 500 18
536870912 500 1
9 382936 415731470
3 705953 152253329
536870911 18 3
1000000000 2 500
500 387420489 1000000000
5 585833 86375443
4 394398 503989654
387420488 387420489 2
3 1000000000 536870912
2 536870912 536870912
5 163795 805163789
6 801837 778455143
387420489 387420488 536870911
8 620378 727939929
18 536870911 500000000
9 740075 150572771
8 360705 995690013
1000000000 18 500000000
2 18 536870912
3 142067 154847145
500 3 1000000000
18 387420489 18
1 728509 256708597
10 790490 402280684
387420489 387420488 500
3 536870912 1000000000
8 316625 854600362
536870912 2 387420488
536870912 500 387420488
1 3 536870911
387420489 536870912 500000000
500000000 3 500
2 536257 410722305
1 511523 307076200
1 2 500000000
3 536870912 500000000
387420488 500 3
536870912 2 2
1000000000 2 1
1000000000 1000000000 500
5 43402 412546957
536870911 536870912 500
387420489 500000000 2
1 387420488 387420488
387420488 2 500
1 18 3
1000000000 500000000 18
5 111798 748100514
387420489 387420488 18
387420488 18 2
1 3 387420488
387420488 2 18
3 18 1000000000
5 782934 434734961
1000000000 2 387420489
18 387420489 1000000000
10 61508 101386228
387420488 2 387420489
387420488 536870912 500000000
387420488 18 3
500 387420488 18
2 536870911 1000000000
500 387420489 2
3 1000000000 500000000
6 397747 49221673
500 387420489 3
536870911 18 387420488
10 13685 157452231
536870912 536870912 387420489
536870911 536870912 1
5 424769 841230647
18 387420488 387420488
1 391136 785654624
500 1000000000 1
2 500000000 500
1000000000 3 500
6 255718 132701096
9 125468 102565247
5 869639 477798552
9 775577 527181524
2 536870911 536870911
500000000 2 387420488
9 49598 546920365
387420488 536870911 1000000000
387420488 2 536870912
536870912 536870911 1000000000
536870911 1000000000 500
4 891141 969747956
387420489 2 2
18 387420488 536870912
4 846827 320165352
500000000 500 536870911
1 500000000 500000000
500 536870911 387420488
2 170460 745854216
536870911 2 500000000
3 387420489 387420489
387420489 18 1
9 554645 554657227
10 756340 430760995
7 476998 426525246
3 387420488 3
500000000 1000000000 1000000000
5 677500 905253309
500 500 18
1000000000 500000000 1
5 475974 253314396
18 536870912 500
2 183765 611027592
500000000 387420489 536870911
536870911 3 1000000000
18 18 500
10 695493 995770711
500000000 500 387420488
387420488 500 387420489
2 3 500000000
387420488 387420488 2
10 794382 195848581
5 918654 190822757
3 387420488 500
18 500000000 387420489
1000000000 3 536870911
500 387420489 18
1000000000 387420488 1000000000
536870911 387420489 500
1000000000 387420489 536870911
387420489 387420489 1000000000
6 812352 766880917
4 909292 852761233
500 2 387420488
500 500000000 536870912
6 931316 950855572
2 1000000000 536870911
18 387420489 2
9 686190 826789335
536870912 3 500000000
1000000000 2 387420488
18 387420488 1000000000
18 3 3
1 1000000000 500
7 961832 78944024
6 317466 896689024
6 577027 202079917
500000000 536870912 536870911
500 536870912 500
1000000000 536870912 2
2 18 500000000
1000000000 2 3
2 387420488 2
500000000 500 500000000
6 682620 962106384
1 536870911 2
387420488 1000000000 1
536870911 536870912 18
2 2 1
1000000000 536870912 387420489
536870912 2 387420489
6 234211 668976320
536870912 387420488 387420489
5 945474 856404262
387420489 387420488 1000000000
5 743332 437839233
3 912187 368550801
18 3 387420489
536870911 536870911 536870911
7 157784 275094083
1 3 18
10 133479 913775683
536870911 387420489 2
2 838500 883276771
5 682452 909397965
10 514331 290166395
500 3 536870912
2 979075 582425876
10 2018 788436594
1 500 18
6 428328 401323211
387420488 387420489 387420489
1 3 500
18 500 1
1000000000 2 2
3 536870912 536870912
9 588174 576078794
1 387420489 500
5 927622 369884672
387420489 3 536870911
3 2 387420489
536870912 2 1000000000
3 387420488 1000000000
1 404294 165919584
2 536870912 18
1 359066 624016239
1 500 1000000000
536870911 18 1000000000
6 701291 228688897
536870911 500000000 387420489
2 536870912 387420489
500 3 387420489
387420489 3 536870912
2 102731 294459878
7 601819 752257221
6 99955 834746078
2 500 3
1 1000000000 387420488
2 500 500
1 403686 877349668
536870911 1000000000 18
18 18 2
1 413473 77645767
4 122720 505544580
2 594503 630191216
3 500 18
1 222739 265108192
5 591297 935777285
3 536870912 1
2 69786 647708079
9 51963 760718860
3 826129 748622000
500 387420488 1000000000
2 500 536870911
536870911 1000000000 500000000
5 684539 979235079
2 85959 633039242
1 878969 703029360
3 387420488 18
3 536870911 536870912
1 476782 56265066
18 3 536870912
9 438132 671176005
536870912 3 536870912
2 3 536870912
9 327678 112727534
536870911 387420488 536870911
1000000000 500000000 500
2 153771 874817543
2 589938 888402948
387420488 18 536870912
387420488 500 536870911
9 742326 903363132
1 710571 74387936
10 757294 203402648
6 49768 609800141
387420489 387420489 500000000
1 387420488 3
18 1000000000 3
10 616154 768405236
536870911 2 536870911
5 5890 576287304
387420489 1000000000 3
3 387420489 2
536870912 18 1000000000
7 41172 581347051
18 387420489 387420489
1 709127 969187598
3 387420488 387420488
10 960933 303418107
5 109172 802721486
1 773346 977162237
3 54760 666929139
8 271172 28427319
1 500000000 387420488
3 500000000 387420489
1000000000 1000000000 2
1 536870911 387420489
6 741298 941695458
6 928817 918866158
3 1282 258643838
2 665208 210002759
8 92760 550448034
387420489 500000000 500000000
3 536870911 536870911
500 18 387420489
500000000 536870911 1
10 629220 358932537
2 940760 414832071
1 536870912 1
387420488 387420489 18
2 2 500000000
1 140353 858770785
500000000 1000000000 536870911
18 387420489 536870912
1 518419 380284842
6 671789 697560851
18 1000000000 500000000
536870912 387420488 2
387420488 1000000000 387420488
536870912 536870912 387420488
18 387420488 500
3 18 18
1000000000 2 536870912
1 73518 556689378
6 41230 466809519
500000000 387420489 1000000000
7 112377 372024897
1 2 1
500000000 3 2
7 829983 976875647
500 536870912 536870911
10 37422 883687022
3 423329 907364526
4 911194 485137926
5 726633 402466714
9 236436 357482703
387420489 387420489 1
1 901393 871152862
500000000 18 536870912
536870911 536870911 1000000000
536870912 1000000000 2
6 826102 751452085
500000000 500000000 500
387420489 1000000000 500000000
1000000000 536870911 2
387420488 2 1000000000
2 956002 313426247
2 18 1000000000
3 948482 87661662
387420489 536870911 536870912
7 390168 605502866
1 1000000000 536870912
536870912 500000000 2
10 202434 828016194
8 2501 224839435
387420489 500000000 387420488
3 500000000 1
500000000 536870911 536870911
18 3 2
500000000 387420488 18
500 2 18
1 670920 930919815
8 172359 146478816
9 640938 341507019
8 880052 779144226
8 849980 395161630
1 387420489 1
4 945224 60560874
1000000000 500 500
536870912 2 500
8 557771 114971425
3 18 536870912
387420489 500 387420489
