7
9
19
8
8
6
7
6
16
10
10
36
11
19
19
6
6
14
17
7
8
8
9
8
8
13
6
7
9
10
19
7
8
29
6
22
8
9
64
42
7
9
34
7
20
7
9
23
12
8
11
8
6
17
110
9
11
7
7
9
14
7
6
7
53
11
10
8
11
8
8
37
7
14
11
9
17
42
7
8
7
10
10
15
10
5
11
8
6
16
56
7
20
11
9
9
24
9
8
16
15
61
14
20
11
14
10
12
18
12
7
23
9
215
13
11
10
32
8
10
36
12
28
51
12
8
7
28
9
12
9
8
16
234
209
6
8
19
9
6
13
12
7
273
10
8
9
45
8
21
74
10
16
39
56
39
10
43
81
38
7
9
13
11
16
5
14
8
10
8
8
16
141
4
7
28
21
9
11
9
8
9
8
9
12
7
27
7
389
188
26
8
14
29
21
8
11
12
10
24
12
18
14
343
10
73
9
13
15
33
127
10
7
20
29
16
7
7
40
34
7
30
8
9
10
109
14
15
12
115
9
8
26
9
28
16
10
18
2
8
9
40
6
8
11
10
14
9
14
97
7
7
9
8
8
10
12
9
8
15
7
41
20
7
72
3
12
12
11
7
7
15
11
26
8
10
11
11
19
8
11
6
12
6
15
12
5
19
16
9
25
8
10
64
240
7
8
12
13
13
13
35
18
7
8
7
8
10
6
37
66
12
10
58
7
10
7
50
9
3
14
7
12
13
13
7
9
23
8
20
12
9
11
7
7
15
9
7
7
10
10
6
28
9
10
31
46
104
37
6
8
12
9
25
6
12
11
31
24
15
14
6
169
13
6
121
10
17
8
8
10
7
65
10
12
20
48
584
18
16
12
6
6
43
37
9
39
8
10
11
7
10
7
13
7
12
14
49
16
14
26
22
8
13
10
4
14
21
7
9
6
10
33
8
32
9
8
9
13
8
9
10
31
25
17
15
7
23
12
8
15
12
19
12
7
12
5
8
14
15
9
13
851
7
5
6
17
13
10
8
16
207
13
7
11
67
10
18
10
7
8
12
20
7
8
9
9
7
7
8
8
10
25
9
7
21
9
13
14
6
8
8
17
7
21
10
10
11
13
6
14
6
54
7
23
10
20
8
7
14
17
8
10
9
8
11
23
9
14
14
7
1173
10
116
17
6
43
14
19
34
14
20
13
166
6
18
25
16
8
11
11
8
16
12
8
42
34
8
7
31
7
11
6
25
7
10
24
10
8
8
35
9
42
5
9
7
15
15
16
15
15
10
9
23
9
8
10
105
10
13
8
11
7
7
7
19
10
10
4
12
24
9
10
20
6
8
56
7
17
9
18
7
176
13
7
11
12
10
9
8
157
15
8
17
9
25
8
11
13
11
15
13
6
93
8
235
9
13
14
7
29
14
8
217
8
9
12
10
8
13
8
10
11
49
13
10
15
4
7
19
8
9
25
7
18
10
9
11
11
11
30
7
9
11
15
1068
17
30
16
8
89
72
327
11
13
10
10
12
14
8
13
4
8
14
7
23
9
17
6
7
58
7
9
9
9
12
5
12
8
21
17
17
15
13
50
13
8
14
9
15
7
12
11
9
11
10
4
12
6
15
8
6
7
16
8
10
47
8
7
8
6
8
9
19
9
18
13
9
8
55
17
5
13
7
7
19
10
15
15
14
6
11
12
10
15
64
16
17
19
23
14
7
33
9
6
14
13
8
7
19
9
25
33
22
10
11
8
15
11
21
10
44
8
11
10
18
12
8
8
12
11
10
6
8
30
8
9
18
114
11
7
9
5
11
15
9
13
33
7
10
5
12
17
15
9
8
6
10
10
12
9
8
50
13
13
20
14
11
65
8
10
13
325
10
14
16
16
24
13
12
8
9
63
6
10
9
12
31
33
7
13
5
9
12
9
11
29
9
10
14
12
10
7
9
21
37
13
16
10
14
4
29
10
10
30
8
7
41
30
6
15
10
9
16
10
16
8
24
11
8
8
8
8
42
15
49
9
8
7
13
7
13
11
8
5
8
7
6
12
34
8
11
7
8
8
18
10
10
11
8
10
37
45
9
9
22
8
10
9
10
21
17
11
7
5
15
27
19
14
11
11
9
8
7
13
14
7
9
11
19
7
8
27
12
11
8
20
8
9
19
8
9
14
9
20
11
12
14
22
9
16
6
11
14
6
6
16
11
10
10
11
94
19
14
14
8
12
15
10
13
14
20
18
8
12
10
26
15
15
9
6
9
8
14
10
44
24
11
9
32
11
10
9
10
11
8
6
5
13
5
19
10
8
7
7
11
11
7
6
8
7
7
10
7
8
28
7
6
27
6
52
24
8
9
27
16
14
7
15
8
28
6
58
56
10
7
12
22
13
10
7
9
7
10
11
8
5
44
9
9
22
17
11
8
12
7
15
9
8
9
8
7
7
15
10
16
7
8
8
33
102
67
8
13
8
12
6
7
12
11
7
36
10
8
13
6
61
28
7
17
85
41
87
57
14
11
13
8
15
8
10
8
12
9
9
6
11
20
12
7
9
11
8
20
7
50
21
9
18
2
9
18
5
30
14
11
9
7
4
9
219
21
22
6
8
7
10
48
10
7
11
16
6
38
6
28
12
9
12
10
63
9
25
9
11
13
63
17
15
18
9
9
9
8
110
9
8
7
9
7
8
14
9
16
9
1040
38
9
12
12
8
10
10
4
15
871
8
8
10
7
6
6
5
7
7
15
9
805
5
9
7
57
8
8
7
12
12
59
8
8
12
8
9
133
9
9
9
8
360
7
9
14
10
13
9
8
8
7
28
21
20
22
16
10
10
8
7
8
12
26
15
7
17
8
7
8
7
15
11
38
25
8
21
11
19
23
17
10
9
10
9
9
7
12
7
20
10
11
16
12
6
7
277
19
19
7
73
8
64
8
7
14
58
8
10
15
14
20
43
8
5
27
6
16
22
17
28
51
115
8
18
11
10
12
12
24
6
8
21
8
14
7
21
5
13
8
12
11
7
10
35
13
18
9
13
17
7
116
8
72
16
8
4
9
9
9
14
56
4
10
15
7
21
15
17
14
115
25
9
7
11
10
9
7
9
28
8
13
7
8
85
6
9
149
16
12
14
11
7
3
9
18
6
7
8
6
19
8
7
13
11
23
9
7
11
10
13
225
15
15
10
54
9
7
8
18
9
15
10
262
10
7
12
12
39
24
14
8
14
8
7
9
2
8
7
9
18
5
17
14
17
10
8
13
17
5
9
11
14
9
11
11
39
10
25
3
14
11
10
469
55
15
16
23
12
11
8
41
13
8
25
10
9
24
68
17
9
32
11
7
11
7
729
20
8
8
10
6
12
13
16
309
11
22
18
8
5
8
11
7
8
6
10
13
17
31
15
5
63
7
18
31
9
16
18
6
7
9
8
9
17
15
11
18
21
10
45
6
29
9
13
7
9
6
6
15
11
19
10
8
5
6
8
10
6
6
23
7
10
16
10
13
16
13
323
9
19
10
16
14
17
7
29
9
11
6
13
78
8
13
7
42
21
10
9
11
11
6
6
5
14
12
7
8
13
8
19
10
23
7
8
9
7
8
5
10
67
245
11
25
45
8
8
10
10
8
37
7
18
12
8
8
18
31
15
17
8
9
30
13
5
10
10
8
39
18
8
8
38
8
104
14
7
7
11
10
8
9
121
20
7
2
22
50
5
9
13
16
9
18
13
74
8
10
6
13
12
33
8
13
7
9
8
10
8
6
13
34
8
9
13
9
9
9
11
10
32
10
19
10
18
8
10
7
7
7
9
28
25
7
16
10
10
12
45
5
7
8
11
43
13
5
62
10
8
8
7
9
7
7
8
15
24
7
12
13
13
23
11
28
10
10
7
7
23
6
4
9
13
7
10
9
6
16
7
8
6
18
13
10
266
26
16
9
7
7
14
138
8
40
10
17
6
7
7
9
28
6
16
9
10
18
8
8
7
10
7
23
13
72
18
7
12
15
9
8
8
8
7
29
12
9
40
12
13
5
27
12
8
84
21
7
759
30
90
6
6
8
9
7
12
9
12
44
12
12
10
23
153
8
21
10
7
9
51
692
17
6
56
7
11
9
9
10
9
5
7
12
7
10
24
7
16
458
7
12
11
5
7
9
2
9
9
7
12
36
17
8
8
6
11
8
71
7
7
28
10
20
3
14
7
26
6
7
7
15
10
33
6
12
8
12
11
8
10
8
10
9
6
15
16
15
8
20
7
6
7
14
21
8
8
10
9
9
9
8
11
8
16
73
8
8
13
193
7
8
14
9
659
8
10
9
42
27
9
8
7
9
7
22
17
5
34
7
39
13
15
28
16
7
12
18
35
7
20
9
17
9
11
10
7
18
73
17
25
9
8
9
64
12
11
7
11
9
6
19
5
6
21
10
33
9
788
4
9
6
13
9
7
7
10
6
13
26
862
10
12
135
8
7
18
9
7
7
12
7
9
12
15
12
9
9
18
8
8
11
1
11
22
7
8
13
8
7
15
66
10
10
95
8
60
9
12
16
9
7
11
10
9
7
11
6
63
8
31
11
35
11
9
12
10
8
9
7
13
7
10
7
8
10
7
8
14
12
12
11
33
6
11
8
19
14
12
7
29
12
836
20
8
26
6
9
12
140
7
9
103
21
10
10
9
278
5
42
105
10
16
11
9
10
12
46
9
33
37
12
7
45
7
6
17
10
7
8
9
7
12
18
12
7
9
12
9
26
12
15
10
9
7
97
24
24
22
26
28
8
6
8
16
47
14
14
9
9
16
4
24
12
7
7
16
5
19
10
56
6
14
30
7
11
48
9
11
10
14
9
9
10
13
10
8
8
10
12
10
24
9
9
12
9
9
7
11
32
7
7
10
20
609
12
15
9
5
28
22
8
12
8
10
23
38
10
8
11
14
8
7
43
10
28
9
13
7
15
7
9
18
16
12
9
7
5
11
16
19
71
8
7
7
8
7
14
14
0
10
9
12
10
8
17
13
32
10
6
13
23
8
10
7
10
7
10
15
17
8
19
14
33
10
19
6
5
8
24
17
10
19
7
16
8
7
10
14
8
38
9
11
11
10
10
9
11
12
6
9
6
14
5
12
8
14
14
14
1131
8
15
8
7
9
6
7
77
9
8
13
30
21
701
18
20
12
8
9
11
30
7
10
56
6
8
13
8
12
7
15
8
18
35
19
13
9
7
14
82
10
12
11
8
20
14
31
26
10
15
28
83
6
10
11
15
13
9
5
8
7
5
35
19
10
32
24
34
19
10
11
9
7
12
9
14
8
9
9
9
8
13
10
43
8
9
18
59
9
10
8
12
11
27
6
14
40
10
7
7
17
7
329
7
8
10
15
20
19
9
67
6
14
8
5
196
16
7
11
19
12
10
22
9
15
8
20
35
21
10
8
9
26
7
9
7
9
9
10
8
11
9
11
8
11
604
24
11
22
4
10
17
9
31
43
17
12
17
81
7
39
8
18
8
11
7
8
7
21
6
10
34
5
13
10
12
15
8
9
11
9
29
10
18
11
11
9
21
8
35
8
10
8
7
11
20
11
30
17
18
8
9
36
8
10
7
10
28
12
8
7
11
7
6
29
12
86
13
18
16
10
13
693
10
25
157
17
11
6
9
24
10
9
14
9
6
7
12
11
9
9
13
8
32
16
10
60
5
25
13
11
23
21
8
14
19
11
7
7
13
7
5
19
9
8
13
72
7
59
18
17
7
129
20
12
14
10
18
13
8
8
7
6
19
241
6
11
10
11
8
20
47
7
9
303
11
7
13
14
17
7
6
10
54
11
7
7
7
17
15
15
86
18
10
8
40
16
11
9
17
81
14
10
17
9
12
29
22
52
90
9
11
9
11
10
9
16
7
9
23
7
25
7
7
12
366
32
9
12
14
29
10
12
14
6
36
14
6
6
10
36
28
8
9
51
10
12
6
10
60
14
13
8
67
53
20
76
9
36
331
7
15
7
44
10
5
16
20
17
35
45
7
12
17
10
7
14
11
18
25
7
9
15
12
7
9
32
16
14
14
6
6
6
8
11
5
7
9
11
17
14
27
16
108
10
81
7
8
14
4
36
12
5
14
5
8
10
45
7
7
13
7
7
10
18
19
7
9
8
39
5
2
18
7
13
21
24
12
10
8
13
16
11
8
6
7
12
8
8
7
41
8
5
9
7
18
63
8
8
24
12
13
9
