2747
53166 180 53494192
54665 74 4603667
33759 33 6397642
85981 112 31778866
99351 167 96595548
20231 195 6231655
59185 197 42527262
74738 183 19546443
21361 62 32675010
50258 97 30561467
76002 100 41893613
6538 31 88004258
25040 113 84706858
47420 46 53314474
44280 42 34152688
76878 168 27190500
39059 171 14312151
36750 76 75066322
17503 64 67314786
23450 192 19935898
30108 124 16533707
31504 137 22836281
30897 145 96048214
64638 130 22130738
61537 101 8771666
30055 73 27644426
62226 188 23009646
70625 173 46276361
74043 118 59650975
20144 147 99492625
49339 36 14904588
9738 168 8234441
27845 162 25023008
42430 31 92929190
22441 152 3866469
47175 27 7961497
33802 195 83184910
28818 76 4548135
5146 15 34672884
6461 21 18072226
96489 157 43074335
16465 186 97473591
33263 26 80515321
85052 181 63243717
90479 39 51497495
99373 178 46542482
99305 108 37581844
47838 41 93412304
37156 80 31256007
97328 88 14472095
76889 76 27565013
39417 156 37584422
81509 157 11864364
4632 83 78061442
99076 6 57167692
62094 87 11514561
88339 94 89898305
58745 196 41144687
18618 138 4428961
24796 151 85908272
44971 75 90203336
68932 171 55276203
11220 185 3879286
7965 196 14075637
52479 13 33563885
72334 95 96206844
85608 91 44269129
77666 111 19857899
67276 79 31434668
17180 163 38422815
63485 156 74909885
59417 22 79812350
91884 157 60590457
84601 65 91573243
51385 99 79895763
49795 115 26958538
35874 57 64160245
68564 17 42889000
61007 129 16498033
18704 199 41316092
89447 179 66531413
95995 111 91642050
31088 130 71848934
6727 75 24929899
12439 133 30952286
99489 92 1682219
60330 100 65302366
83902 157 76435160
64069 140 11562342
8517 80 94034409
39680 15 94569065
83697 189 83058579
30886 47 53170779
62682 89 46601224
36953 124 31192365
53651 112 42590370
19171 42 62104408
32040 105 19741269
85326 127 47707754
8838 66 17972246
12299 80 54078058
57594 12 54501130
35140 46 6272885
15315 49 34120533
20942 126 83861992
5470 101 61187690
11624 139 64010084
5493 123 46675463
55636 41 24891481
64672 59 12921482
76879 143 25359139
91676 31 41631612
36544 130 34017186
17719 4 79463300
14427 82 27307650
4532 143 61293774
67412 97 41518765
94193 20 31410687
61046 57 1798169
36210 136 95033134
24980 24 48276450
27836 101 89662715
89677 27 70811311
32691 13 14922599
80590 54 13648316
22489 176 28786306
53186 167 30919539
87565 27 63653492
6249 191 36285914
73993 83 75825602
97077 86 24511458
34838 170 49050179
6664 87 88720566
95656 3 95468126
96786 3 45927001
19401 178 8228293
28975 171 74574586
60185 46 57221224
30748 144 76609838
95598 121 11070857
49437 65 26399906
7933 104 26063406
89204 150 48107362
16090 3 50192720
45038 115 44719001
45644 147 28501004
64228 131 54263256
38288 17 42001774
61956 156 99110277
13827 52 73961434
1241 16 63557043
46216 111 65048975
40022 59 61504409
40888 22 86910844
12793 17 73528574
61742 19 53616410
56947 106 76408977
34658 19 59119538
56937 9 57378686
27601 22 45375021
17986 165 15286257
51280 149 96475120
43854 81 72029183
8495 133 46345696
56045 41 12300133
96239 194 17528182
49744 64 34601036
12128 189 56345579
30265 103 27496330
34969 197 84672453
90893 133 62240918
30116 69 97693597
15691 6 55288197
74224 170 3474390
68822 176 47492570
85734 29 98835650
35493 45 81648124
39370 145 75862386
30878 98 50586662
6719 185 81867847
72458 127 46459651
40984 150 89327937
62177 172 76072923
17841 149 62237380
46349 68 22275640
54413 171 54570354
69139 30 74985646
88472 173 42388224
44618 2 96902340
9503 5 89595806
66644 18 4551616
91575 106 18790415
25979 68 33031283
16253 32 41497526
20000 44 40871713
43088 185 97375151
22644 85 13998775
60659 86 83417399
4860 169 77208934
22699 35 24921352
29174 74 20878026
19485 59 61195754
54603 49 12751000
63297 2 55272697
11301 123 25062676
29926 11 59658207
60061 142 80708547
47209 64 18908825
21974 76 96934176
15506 24 17230100
54573 6 88334674
96612 72 20172584
93578 179 46504583
26591 47 40937568
3899 42 87517936
19693 71 88762105
91603 197 80079674
99731 148 51210229
99580 17 46136744
4161 29 20049071
80565 154 23276210
11080 30 26096017
77258 129 29841830
87084 137 86868337
48420 122 87304869
11439 7 17988979
14416 66 14672039
13264 82 87497707
89837 72 45890257
76479 6 60702686
23017 153 44923399
83115 90 9700704
39094 35 93362062
31174 136 34704988
27870 30 35192250
88425 54 62636772
83132 99 59712967
95963 46 63689584
27499 141 134391
74955 114 31803928
23715 143 69831246
8177 26 78905272
21229 172 7826412
73582 125 47415701
26031 74 10704026
13993 113 25465315
46636 78 85431252
70434 86 16517432
60834 41 5535608
21991 9 93193919
69357 197 86453510
87338 136 18466816
80017 128 93680197
38511 169 89620444
78104 126 48775121
98556 86 42582311
22582 97 57331800
55364 59 3167922
15804 197 91138752
17497 74 62692606
87012 89 7155841
35821 21 86188812
76202 42 60837837
98265 175 81524741
23295 12 74722578
64079 168 538457
17558 107 81336080
423 175 48312608
18046 103 26703081
90921 76 2926967
75314 177 34402143
77315 52 30924461
6459 140 54915408
20253 32 25000151
31851 174 46901538
56983 77 17075755
56872 105 75837526
50507 75 16309082
1892 67 22486742
57204 154 68837730
77944 97 82193737
68072 148 9634069
57618 57 10867463
82658 181 31658708
32127 63 31636228
60694 82 60003242
47254 113 1778764
56107 30 7901797
19185 70 55556404
5405 197 79682826
36002 37 78746138
77922 155 60822383
81037 89 46534443
81408 10 34521174
68433 3 82091244
33328 117 5777431
24914 177 41247981
31629 100 65406764
583 152 73557064
35102 83 87896157
48139 87 93593170
13804 27 49230583
11445 68 84145960
84515 169 56876372
90805 110 26516889
56829 191 51162602
71066 155 52366869
66122 93 27244364
80767 189 33367055
39218 23 76154017
85962 6 3932352
38470 88 54942562
75094 97 43921642
3405 16 18338928
19890 167 12654930
20691 142 66911486
73239 187 97539571
72777 15 77152810
19698 142 33132865
64678 200 1308484
87900 54 31151408
83725 199 61964794
24005 102 81962438
81096 48 9620515
81755 64 46069938
61340 175 59958592
83728 116 65220344
74031 28 18696165
17094 146 10738120
2796 56 18123938
53466 81 60576227
48335 137 86696673
2064 176 66576289
54186 128 11656010
65388 174 57276029
1521 95 32414426
22537 176 85133634
80192 166 45337874
31625 194 50889906
9795 154 97930399
41196 106 51739408
69564 187 29669783
7182 36 38414107
34052 144 66603556
37028 103 28418893
81652 21 27220401
30657 17 36846076
71499 7 77527161
26026 24 62300294
78902 166 27469340
51400 115 15322166
71475 79 67518109
90072 126 73563350
85300 34 97254585
71110 181 16477004
75102 82 89695880
27669 91 19812033
14979 25 12292191
4891 48 56712892
64431 64 88300059
2042 117 53712554
74568 177 24471750
17787 4 13201407
5743 120 88345983
95952 194 30986636
45398 6 50595369
22301 138 68585006
57952 47 30664601
65588 161 63478936
30203 181 64641768
66887 110 69869616
87769 169 34357131
766 19 58744335
84096 99 45529870
80649 53 10006942
24777 47 51217722
37370 18 98488159
58703 1 19568993
58694 53 81735343
49148 65 98141784
34089 89 50215938
52872 162 7048679
44589 200 16857210
10978 23 71838455
5005 31 85309552
96188 116 55400220
45112 22 89863618
28157 142 27826650
5524 160 45970102
38116 78 20472427
87470 192 74468228
75879 90 42401783
67595 188 86729821
37213 77 59681888
26779 169 22825926
81905 57 15421666
4405 86 20746562
6295 18 18662222
26357 70 92303202
29067 77 76929576
45480 27 20074536
26967 42 47457759
11479 147 11759842
14482 86 28308251
83078 106 61475551
99411 162 4649062
28411 84 94344774
75869 41 94351384
76313 150 40637854
6483 200 69129549
45699 188 11349602
92189 104 86983443
39483 26 67157561
42811 162 77496600
29247 28 68717409
20275 158 89505010
36937 173 98908021
64118 106 25523523
22979 80 27945188
66742 70 4384101
32129 148 72371260
37226 115 42707529
88616 24 56578592
33506 35 53123329
87338 51 87234169
31091 66 55658099
96651 169 74283607
15462 43 57132745
1342 142 28743875
59726 123 35599929
25294 57 16565922
14931 109 75818315
92212 23 3907602
45991 86 78687021
54811 154 22204132
54013 80 44983444
55863 122 2866689
74251 136 52278554
25646 79 69536667
5511 90 55827801
36916 105 14272817
62591 72 53099641
20198 1 95717569
21727 124 3356981
62950 200 7834870
83687 176 27813451
61694 52 68456584
12412 79 19670436
33464 121 50993615
63933 151 51216248
7665 75 40070539
56378 3 24976758
65723 76 60107939
99458 164 34328951
60283 96 94329644
91413 11 93708685
92339 67 14180050
40734 42 22401060
3021 179 41754672
83625 200 70888773
94069 148 62384431
34451 100 76036635
87449 39 58215188
59469 181 35543746
82300 88 10584538
79672 108 47192460
90709 119 71145128
41210 161 21921234
38061 191 64209259
22062 193 72805327
75064 143 39476125
76385 95 33452807
62542 33 60434735
56862 147 80101196
33697 160 21842975
44779 31 12447645
17858 182 95502518
95703 65 51569714
10766 75 27044014
88778 153 10969284
64312 138 35679627
91862 100 12547200
9373 75 95979350
80951 194 81686081
51167 39 38031343
23518 76 4562574
17864 134 81667888
11831 126 90549060
11562 106 73365241
25310 165 6630482
72871 68 75408104
96451 200 61484487
43857 11 12195181
75732 188 60203362
5044 44 20202929
30816 134 68770222
55233 45 75290317
64299 128 23779031
54123 153 29631489
16246 92 88390878
97910 43 30921843
14693 186 60708917
17033 138 52752500
73405 91 20302203
41250 182 70018679
20086 112 37150424
5790 46 34566191
26136 106 12899905
49084 58 29500744
30665 78 86727835
98079 174 97961120
684 1 74256029
62599 111 71164148
49898 4 4630464
31288 58 66666570
53915 151 6989316
84822 13 15788418
6836 95 59863145
41906 47 51141181
86752 20 36880678
45060 66 45635924
34064 51 89682842
26278 81 56697498
72875 4 48767611
68244 128 4555260
7028 65 45179537
38836 29 22180625
10192 74 47965502
52296 169 72291694
37640 102 84794873
3437 145 65225237
87742 136 44708725
43631 63 68981761
34666 94 57561571
14338 191 45244133
35729 13 5843627
48744 25 85775771
36557 138 26689732
46369 199 62084994
4785 37 64443131
30919 181 31272537
28243 112 73379800
70946 164 23738864
3202 44 26697677
88765 176 61279610
54037 103 32192925
707 55 25486974
17850 103 18518740
52155 154 69963976
92282 124 48707078
52188 18 15208747
66683 105 38874971
84670 15 27070723
24983 164 2268594
88914 103 34545280
51666 190 41414542
92649 58 86513741
84288 63 84951635
64471 56 60749097
51206 61 49943929
18787 72 62605154
47366 131 91166911
81188 117 49499121
6590 52 81371011
78240 87 13766445
52163 162 58539668
26470 133 99474558
59187 7 68409808
5373 177 61927347
96323 63 46146574
20113 200 61733794
15035 104 27434002
53550 183 52500286
90330 186 68135529
12205 175 7782611
72570 47 76038612
51430 129 91351307
73612 94 29793372
92737 187 5526719
27673 87 38038764
9502 40 23014566
11985 141 14161689
64734 113 61823724
50559 46 85670168
81879 171 31227881
21832 184 52436692
25531 16 97136278
41953 199 54064277
63630 53 71596775
6846 193 40932864
66250 44 42296307
48698 178 47585962
69831 4 67746476
5562 112 96818217
56909 200 74520365
35291 69 9422412
42271 91 95584125
37099 128 69793613
18733 148 45953893
91434 116 42583815
5898 6 54279023
86116 62 82050070
40550 158 53791147
86179 41 29204377
9370 198 58476464
8845 45 66274398
36627 151 25361554
20498 128 84047952
15823 84 43308199
68622 95 89634458
45153 41 7278215
87469 75 85154283
59059 196 35010352
71722 6 15875234
28610 179 84557884
45424 3 46943481
31070 155 62388979
61285 39 3281029
43978 69 64644854
94456 164 45510682
40527 30 65750225
60381 66 47037682
37446 161 40170766
93358 3 55686222
13864 167 25775338
43611 134 47090286
20226 103 69194297
81494 107 90830695
69258 144 45593338
84803 71 65275010
90982 130 68799654
85837 79 19848760
87175 86 76061260
82820 14 48989411
4016 123 63685071
92760 102 91638069
62032 64 67766266
82496 194 2611910
57637 171 55051521
48426 25 2876699
64778 143 70616807
23797 138 38473366
68164 30 45071939
13777 186 20836655
70706 50 97876228
83183 104 84397988
13050 174 94061019
66094 98 68382398
11048 131 88943166
6302 145 99409632
33416 30 84840331
94096 65 2876545
19038 138 29791721
68326 78 28713941
76363 64 97254284
2011 1 80455278
69998 40 19425959
82783 23 40412781
67739 46 27234237
67517 137 46973732
2992 10 13248012
50398 10 46536499
90077 2 57651906
72910 95 98751121
8375 97 34346817
4845 180 72466134
88857 114 86805395
12023 126 98244772
67323 70 81710032
62710 146 50197920
18530 67 9785126
79266 154 1945821
66821 153 98394049
2023 103 34609252
23544 105 3047139
44742 41 86183216
80777 117 81019436
14877 73 98733999
97736 183 49601119
73109 183 90748178
11273 16 58086672
82348 184 64356841
68003 124 88568525
36305 149 81277922
42021 116 30730024
14770 111 73325548
66088 182 9019704
286 172 36295135
30410 189 86098971
9862 53 73929581
55976 57 88084458
15855 64 53249154
10167 70 18979887
87112 72 65133875
10167 17 24774934
82970 73 67348433
29369 94 3935576
99138 33 4558244
83486 105 40076691
42413 69 66441799
45723 177 33435867
23004 94 44816901
54012 79 19708119
5106 193 30744007
26123 128 99231472
97480 94 58884129
88755 169 2586310
95468 79 95542992
88882 180 31912348
2387 89 32335686
15547 199 55027817
90591 154 19033765
83357 187 69401397
45521 56 45099064
63808 163 63885755
87665 96 67506260
11350 21 82991190
87750 111 19843455
99165 197 92906996
22646 196 67655853
66070 118 3275295
49122 164 95475153
79072 106 31699195
68675 36 18342491
12024 175 92232192
34021 54 52788142
45820 84 91365637
82042 123 77012789
88074 112 27210973
90905 9 9637374
87937 46 53534285
79659 200 13169041
62372 72 69799264
34036 187 40644588
47198 150 20518707
80924 44 70418870
83297 105 84553967
23236 75 61409496
61577 65 82784104
71301 69 83192817
35345 120 3138637
22318 92 27878018
48987 85 42680571
40558 122 62304269
20248 75 64902740
78537 12 99041199
6219 84 60322116
26898 59 53774297
44571 47 61389564
82527 35 79095135
9446 86 34732676
98873 170 74936676
87586 23 72380067
20144 138 48615536
75514 167 25965165
75631 67 64001386
97078 70 63827670
19371 64 802031
80442 177 46312879
6239 69 92423826
85507 106 50192669
7581 44 64009919
10479 31 74036785
44746 34 24024923
80148 107 66266296
16583 127 98683956
65263 153 70411922
33356 67 58156908
89527 68 16185349
43256 37 28971971
64596 102 49218771
7971 22 45835187
68519 80 4728749
81019 95 83154208
4606 156 46304655
17858 49 18167272
18379 110 82331249
58259 145 55190189
82581 104 22867930
751 137 21113740
831 179 46856096
35566 139 98163067
75278 189 34599269
84372 118 35167205
2426 44 99844745
66951 180 98104389
68487 142 86427053
30936 56 92477718
42629 6 31026819
41027 106 61713875
37919 174 42080428
88589 95 26355616
33748 193 3422930
88760 93 85020082
34967 70 93181707
16306 128 23546460
15959 76 24701712
30219 14 2174754
98032 161 69526588
28819 115 32729806
95517 153 5357852
78712 66 27848931
65368 56 86648638
43932 47 13568576
9905 200 95317367
92338 105 22458980
57616 120 4479890
53471 91 18226163
34894 121 45761595
35752 86 41664940
42472 119 38420848
31447 175 97072338
33483 16 52617231
40776 81 59027902
95995 70 70640448
6970 62 94300684
7061 83 32785684
60087 98 94506646
31846 13 82102391
66943 127 21660596
12636 132 27091339
35812 73 37683999
47961 2 29433257
57855 107 65948980
79313 60 51348525
93841 38 13910042
85797 52 49679420
5975 49 59451763
98600 62 51114710
39524 82 39859570
22726 182 33774353
48276 105 22462996
9931 13 21572944
85081 194 53737357
12089 148 57275722
20956 128 26733888
19044 74 12254741
70772 26 86335870
27563 26 45571905
59921 198 50526275
54991 78 58071104
78548 175 12269659
38448 120 35256193
22187 104 56810840
87106 119 46789029
85783 85 56767020
69161 19 10068811
12565 140 32962044
38837 123 99352696
59371 61 31815047
51502 94 79508737
99792 101 59011599
90254 197 87300237
52548 105 27537884
1004 47 3041015
46815 22 60413043
15302 91 47890803
74292 60 89551107
7454 122 11095935
99245 57 42626610
57077 196 1926370
26 71 94511708
93557 96 62524654
35241 94 21266280
38673 19 6876089
20285 123 11925830
78251 173 78428695
69025 19 81979101
90633 22 34416983
92155 154 13944536
25237 78 88015751
33040 134 97668066
11030 147 18982321
16587 63 33960647
34540 117 68130899
4035 83 42890505
47783 131 30033841
23393 26 4805671
2343 167 72395280
19378 169 26554793
73810 151 95020104
21539 183 76367493
13696 190 26427425
21977 15 7425508
37090 60 36276588
79712 11 12965798
76163 88 21471436
47930 190 98612834
97503 140 27460313
35912 81 76902254
45400 190 50684759
35146 80 53467673
43422 92 54078175
2072 174 2878624
99884 162 8541215
11424 135 5655569
79341 184 89096147
62856 132 9225776
22529 101 79839530
3961 23 3994744
78290 169 80823046
34832 106 89179705
96418 152 34087892
13165 192 67673026
68074 144 39238601
6837 62 36125837
48797 113 74974909
24206 112 34789149
92843 76 27276682
26155 117 10671658
98957 100 71945877
60194 20 46351622
73489 17 80084192
60862 101 23363574
13777 149 23651906
62982 39 77388068
39269 185 68609932
2444 178 65809871
15707 154 55816066
21029 136 81290538
50488 44 77248742
69968 39 13671266
668 183 48503923
47107 158 17772431
70289 194 9450755
6593 87 58188756
86675 30 89976765
69807 44 57940046
62334 68 59610655
83818 92 94801541
16109 125 81010437
39431 125 27652457
66510 145 48712625
55992 190 69425142
84662 72 80428370
55828 62 46630414
99159 155 45231807
7333 111 3230567
20403 101 27974339
50110 50 95685804
15045 195 12783914
92985 158 83314883
13449 30 13934506
31612 102 87149176
818 178 25336855
43870 181 94070977
71392 41 49668557
72722 124 37464015
13528 190 90649027
39611 42 27898631
95495 140 46106738
65755 135 84383169
98986 61 53023660
26463 163 62062920
55679 42 53685800
40768 62 6756752
87722 53 14360820
31731 83 91940055
89492 37 86945790
79532 130 91392925
368 120 72269574
76943 189 39337479
66084 67 12359807
97317 58 39570899
99751 179 33098318
32342 160 8818521
15187 75 67716078
60501 79 29268246
82420 100 52338839
95790 87 35209774
75968 77 31471632
50602 8 66897865
72650 44 58470449
31247 60 16368093
91672 65 93512571
33363 183 66790712
1665 131 33685119
30485 59 31082678
61783 90 21981423
91522 74 75816364
66170 46 12765194
49388 43 50409866
58598 51 89564719
89217 144 55006972
70185 85 79118379
45541 122 62364104
12296 41 76455125
54037 62 46561176
43441 72 94001668
66706 126 63680489
63543 159 16991158
12386 138 24880507
57299 142 56994501
15017 87 87520943
23326 87 9900558
460 32 79083842
61607 36 73116174
68125 86 48860920
10290 158 24646796
32113 29 87786708
58771 101 85058377
38338 117 81820383
26063 149 74947998
7459 159 80961076
70793 69 20325820
13275 200 77553775
93854 141 11479937
68144 173 7550788
57952 67 36836666
80606 200 15468409
75455 39 35182745
53275 117 73318231
80299 130 60326560
19550 196 15429863
95069 180 90767729
96726 83 64058282
45268 90 33413875
69215 150 18998225
97349 144 9182712
46235 102 6473207
86470 157 53191196
64697 132 11228433
455 195 8234436
65756 109 9946963
81667 77 5244655
92684 23 27446097
60315 182 57902410
60034 185 14788474
85974 27 49208060
37769 187 16296504
7558 20 96789295
89380 33 71617619
23746 165 54277365
8558 153 22303028
30769 30 33863739
71276 43 17287098
40393 76 67975560
45558 185 59850621
16363 79 82895569
30107 148 35018744
2889 22 697070
16879 147 2113130
26628 13 29901056
8320 17 48064980
86342 100 77790934
40077 137 11625825
54251 81 57235579
27121 46 82762612
45594 74 57972190
67393 86 27602139
63602 183 51489422
43609 148 94158190
23379 192 27379354
71063 110 90093723
84668 93 62158717
41540 162 47177103
73293 157 4469819
63622 18 82301364
45086 93 12639223
49136 136 93287180
58918 28 13440103
47739 57 95636052
48112 90 44636937
93123 126 55150205
1723 115 9256245
92996 183 75553570
25220 74 66728171
98087 110 74971258
29534 170 39703753
38059 132 55808590
48455 161 44829941
64381 190 58920363
75810 98 5242277
74490 42 13080536
35746 112 38935718
50111 60 74341784
80070 196 64339792
93651 132 60536077
16659 169 44711039
7311 33 74868885
14061 8 34005472
29876 13 96381010
31820 138 31458026
25986 87 56987967
13750 178 18949903
62881 60 13405302
18154 113 843751
82891 111 7865459
16393 118 95827741
53007 61 9344522
95267 167 73611385
27812 26 95553554
2316 195 91197510
46868 168 95418150
44223 83 86880840
97203 186 34253802
66903 12 63287639
13188 38 85494586
28211 197 19476659
25941 65 93791368
33314 9 46735912
25517 21 56470982
10147 9 16919998
40010 11 15137812
95256 67 89141954
45071 70 13131081
87769 26 1646505
71440 109 20927716
2990 103 61094001
27189 171 43900413
61473 67 8740472
53908 175 97157753
65920 83 83560476
10617 194 83412785
98423 108 57485860
78756 178 18359604
57024 74 20376202
28947 46 47862867
19731 79 13970217
17099 129 2803577
17886 156 73229274
22472 112 68426063
50835 157 88211122
66144 43 83830100
67095 107 7165464
28600 16 46333242
82484 32 24296595
49997 142 94202827
45832 51 74320052
95135 141 520353
12076 170 49380004
17019 49 20365998
68628 193 10729575
76487 22 25616105
54412 75 96487486
1775 167 54756662
66426 124 52589145
68269 200 59809975
65350 184 2322422
2925 173 13771393
98406 2 7518378
5191 59 72917322
97516 37 75516781
68155 160 16974480
5630 200 14841572
19545 170 15793497
11960 150 58711521
15311 19 56285704
17703 152 81468564
42279 198 64921595
70904 105 97676691
70160 54 56572341
78010 158 14256940
61137 17 22106262
27464 177 10426554
2470 36 10191334
89117 87 89754888
15082 164 42914321
9944 117 70834977
23537 139 60550027
53889 12 66648895
95554 106 39860373
39845 24 8108201
30659 157 83627683
63035 105 87723429
1610 127 65793933
30766 12 38530893
64364 51 54395936
9007 86 81054336
95799 41 34503655
51734 104 21725027
41468 114 38423936
36704 127 42447125
71905 110 17009807
98201 6 59268507
37387 138 72905426
34956 177 92852605
30420 149 7276475
37753 146 88950131
24524 190 27992804
35870 151 48623215
3516 106 45644566
41757 116 21449905
2152 87 26057960
17303 137 31412066
1023 1 30202741
5164 28 57655261
52543 118 52860131
27852 105 95740012
89464 57 17313971
34920 187 76924627
47512 79 9649681
9669 146 49111700
80170 168 2467993
43518 54 26157349
5116 1 29327672
35308 183 56336713
92252 163 83837497
24225 118 36024669
99235 104 13931029
47679 115 2976712
63221 135 8127501
66566 166 7259841
92941 183 99402997
30831 199 23353026
63534 61 75753325
47677 139 99181754
24662 1 73594109
55637 198 6976986
28238 161 81756241
17546 173 15998587
75858 13 77105087
13252 186 43933089
23853 149 32280495
61824 133 12519455
946 151 46390585
42455 85 67184099
16610 15 57002916
57393 128 27063524
20066 196 60456213
9790 115 74523013
73467 146 67713222
23801 141 60882750
91670 5 58647100
49574 130 70884708
61815 96 24344734
33863 163 93973688
56925 105 15872945
62476 2 76423006
79320 179 70140160
64638 139 96891022
10913 97 74035722
37406 123 88661635
49525 78 64953560
21479 142 49136914
97682 152 95708099
20365 189 49072908
42585 198 42690216
10183 35 37628131
8268 52 43866350
61118 44 86017110
378 74 56983934
49053 59 63961113
7126 162 69395547
35707 116 46078004
37847 177 90668034
71092 167 62189914
78326 154 88397918
15993 101 45970417
44022 32 55331337
72703 66 93688453
89837 145 37523512
28327 59 60800087
99838 96 13610884
12762 146 6625937
62986 142 40583276
29430 157 9367141
7201 57 5408245
45945 99 86432436
40230 23 88760479
33723 38 86218977
14557 172 39355151
961 63 25913309
65635 85 49250537
5222 60 32953340
90867 36 93877453
22252 53 26128447
23611 96 16606724
25161 160 58445840
89166 94 35312200
61301 129 56616591
87451 123 71858003
20204 67 729992
89144 70 47706620
92488 184 56661071
29753 43 31677695
55647 109 63967218
85829 81 43809927
77219 49 36907652
24885 100 96597375
68003 152 7836581
62795 163 47295658
13312 3 47274838
66393 31 8813642
45469 40 24408217
39691 150 10392557
39328 8 10478552
79065 159 99574196
22335 12 31532646
84009 154 69028583
95482 199 87003120
89015 46 17733840
6077 18 81180340
42360 164 95943818
49477 89 19052298
64742 64 86427229
15733 76 31880568
69741 44 85715147
56858 19 91952175
30845 165 63687839
61453 199 11098766
7360 40 48964704
67245 169 11427201
17209 74 90905200
19854 44 51164626
24612 58 44858019
90798 28 84889095
47844 16 92561816
62666 6 49029113
13574 123 6071651
76863 41 28867980
61960 67 13821397
2328 188 76653178
3371 119 21888911
75396 89 88472756
3728 53 97911640
61534 189 25135894
96742 142 84962957
96059 37 59987170
71814 149 80683765
19826 85 72225714
32873 191 20958156
12291 44 23745045
85835 194 7943313
77195 62 30821823
35433 165 58958965
25969 79 23095043
55498 87 37455585
43760 156 26614281
83798 80 27728043
38273 26 99348915
67244 80 81859439
58913 53 92305175
35147 139 77381524
70562 54 13994560
26802 38 5887624
80217 187 69249201
97301 6 81311375
24335 48 473266
4886 12 15568560
94661 44 24007116
50411 149 58894116
18879 188 1087580
88480 101 27252060
70253 128 74250369
10359 144 19168227
79919 58 48021825
63887 13 57707615
92925 133 2704920
56520 92 28886580
65459 63 96369640
38142 197 34422036
6374 58 77158569
79730 49 24410079
13831 56 25355223
97345 69 90639685
760 9 14956666
49047 32 38853736
87383 128 85330216
67366 161 44943533
39593 81 26039666
15108 140 54942718
63951 112 30326051
74473 181 54097915
5518 170 32311982
45287 30 56054218
96761 149 62689443
6629 85 17375120
85086 179 79035544
53358 175 75102544
7681 10 24191926
94210 168 27833302
20535 158 73563311
57034 5 80454536
87141 53 58705724
90956 84 79034503
42513 77 99206690
41293 93 30632408
6628 198 12092466
87970 191 1904348
23156 136 32283061
44760 52 77776803
92208 196 31953375
89748 180 54536279
64606 164 80325127
46737 136 6470088
43219 38 17559945
11107 199 25201617
32438 170 21328120
89030 65 43754381
72986 89 65604029
58578 36 52626301
79718 99 37337767
57298 168 23108169
9722 139 75907456
6671 170 62193927
17719 84 44514816
58935 2 4999596
34453 73 86915494
28599 57 19582243
49327 115 78616800
58495 14 64551609
61713 130 82302134
95099 158 54470026
47751 122 14884959
59106 45 46346750
21575 178 82097287
98267 54 58409607
33456 133 98861657
42015 3 95723834
37273 117 74750876
92753 67 3012590
56846 80 54520515
37412 99 90748104
51081 19 41966085
98847 30 46386479
30407 80 69846602
73578 165 90476547
68884 67 62147690
91318 142 82578941
70319 175 46581929
31002 160 96740510
91841 115 213906
89366 153 97604528
96912 190 70257206
15293 176 98656458
12105 64 60588634
86637 173 10575922
84843 54 88565582
71440 69 80539025
12934 66 44500078
72539 100 54839402
71598 118 33182383
73874 72 84021233
75490 37 12257759
80911 167 6425016
23541 139 57837674
62460 98 81707304
63708 54 23194232
19748 156 71085321
39698 90 41612259
58071 100 92067140
13923 25 81617136
35572 109 29585027
12355 41 55787260
85040 99 544507
8989 81 20200156
83035 92 71433968
59967 41 1830573
88234 1 9303425
47719 15 97785938
78734 34 6131461
1452 94 54425672
5853 53 95380832
74871 71 42429163
60590 94 51787342
99923 135 55582233
86415 16 33397128
91844 56 22597849
89500 159 77008440
39888 35 54015253
51821 116 86981871
17051 127 18154922
25002 39 49712781
85609 10 53520179
11189 39 2192486
43425 133 85028936
25626 29 87737319
63444 98 79387025
80371 176 47989343
43512 103 82063197
80561 128 12609222
54429 1 76476642
87470 40 60038006
89653 117 28187806
29398 137 28535532
93488 108 97401011
25052 109 1025794
49747 91 92201236
10423 97 60135598
66440 57 90061381
67987 2 30391386
26060 101 34626859
17140 47 76193205
4858 64 22296652
50830 170 66058380
85018 195 16386135
76925 141 36552430
84641 82 57869248
93770 87 7234531
58396 157 93941091
50658 193 23469778
3193 187 94127796
54836 76 51614987
57170 50 54520494
36304 29 87562977
6078 92 83713049
85727 195 17135075
18101 14 67124288
97826 178 84579169
10159 58 25105642
42744 28 78910136
86306 131 73863076
72588 51 40644517
59127 50 79388115
32076 197 16473308
60213 117 9483792
35364 136 46495243
89417 122 45884768
67056 142 86054635
9557 65 44414511
59210 61 60078742
25689 75 7174073
68622 46 53241774
43598 44 73338991
85040 96 67872773
11136 19 25987884
76040 187 15623298
62257 27 61700369
11081 190 85285215
48767 81 87785264
33328 200 70396726
43987 114 37379629
68464 159 16687626
99775 200 55976241
73365 55 34532853
87117 86 59874299
35592 53 91039354
5237 96 2689256
72253 130 48847608
98205 198 19166933
89256 199 37782848
57031 113 12343224
74393 99 68283552
84249 169 19943175
98780 179 26751608
32305 35 26892814
57469 191 38504507
64090 92 30216112
16750 76 95879015
73083 107 74472463
97829 63 44519638
29754 60 35836165
10272 104 82076961
35240 2 20707237
94927 90 26085964
27952 54 68826107
99506 107 87654733
56168 59 69786436
94685 54 39559047
55676 47 32713447
11226 173 5929589
35071 32 91049860
84888 136 89483892
21720 114 83081009
71960 190 41528009
79631 77 75784896
38376 10 59386982
36768 175 45033532
89547 73 77779035
20880 197 35959420
94169 18 96033359
19490 37 12788063
6809 172 78787101
74181 130 87130995
37841 93 31037404
55649 111 98499953
70370 183 23410034
90875 133 10383371
59662 120 2913852
81514 66 74598900
57488 80 62710571
67692 170 53526221
95960 158 97215096
97328 57 31782079
69011 168 85236923
87140 41 45196275
32233 136 90065549
74035 31 34299132
12836 120 2228958
22996 121 7783868
57341 109 22507749
99261 128 28480260
25759 182 63787189
71660 194 6246126
2105 189 59541123
35759 11 35771567
44393 3 61556050
88168 79 34252644
3666 52 96690423
99077 16 70627009
41861 179 99129388
86680 107 25796940
74806 106 86875034
9337 146 53040579
88206 148 81576768
32711 18 14858171
58286 140 18774031
77593 49 92555352
41230 89 74549175
70801 158 59220557
98397 112 30606307
18071 61 68347939
56483 27 81967912
16626 74 43074608
51089 44 19459393
71402 145 60369309
72581 64 5074523
79410 27 83421432
89251 31 2919528
87682 153 6382465
53365 98 36717367
8723 143 51671169
24944 117 5778016
23087 23 60650187
28887 57 69394395
22529 181 56920431
54527 169 68099915
80677 19 55882780
32808 159 32040895
49234 4 2899270
18807 85 87915905
95833 165 49882428
31669 167 15481674
3561 146 70975746
2792 187 91207083
16930 194 36244394
88474 84 14774133
30064 4 3449534
88232 17 1808821
75469 188 59816345
12629 22 17268
12670 44 35208980
44011 15 43990148
70381 200 14017487
74793 129 86099236
622 163 81465296
12826 61 20229543
49654 116 30866013
42467 53 76633012
81497 76 88261889
47412 11 98893119
73037 156 77282204
86609 112 92189347
58380 192 32558336
3695 127 76531485
78081 81 90427848
36574 20 13409958
30173 167 31185578
1665 113 28937059
20146 67 467083
38392 129 29958744
58660 115 15955177
15238 141 94413655
84851 119 26395462
67221 199 33400014
55942 85 98463893
61517 24 92051687
13112 161 23841823
5548 169 34826229
24009 91 65740839
36800 150 63860964
4572 172 19355809
4238 156 10810047
69983 78 34297260
12236 167 86471057
44123 23 30142873
67867 107 67210806
77589 44 67325421
53658 119 87054182
68289 51 85072326
18151 178 23962667
10287 127 18022492
32481 154 16997076
55385 174 29006011
87231 179 71393824
13859 168 92001728
31053 34 90036728
97440 32 98935328
41369 171 39933920
63507 53 41457676
39608 125 60482543
70362 90 39671296
39283 99 81252310
59099 16 46109327
89990 144 6156079
40697 148 10998373
83411 119 22662393
67655 95 98379022
63538 18 69015706
74578 78 96411673
69796 200 8017814
17192 15 98033919
86482 66 10067303
92665 147 92952390
65638 151 42397043
87852 172 71055228
35724 133 64982376
52833 126 8601186
93763 126 16303747
87159 164 88027020
18904 76 80974157
15395 43 74665899
60943 182 81373124
90412 77 69062339
91027 62 47474494
51421 69 36279016
26050 39 43940046
4403 96 6880116
3737 35 15991872
50418 114 59537830
45664 113 73058989
19404 200 41765031
75158 189 94793198
21166 25 3214665
48695 188 21166620
88459 196 4488612
96143 100 42597272
28 185 17073038
14625 183 21166638
40776 121 85656816
17369 158 78105959
86658 196 34136930
47909 61 85719549
90661 171 52881470
16571 175 31099136
88373 164 29259201
1781 81 67981483
39222 85 99918507
28362 131 79915441
2408 4 79816577
1123 52 44368177
34104 59 52976469
13585 170 88384688
80982 179 70857299
67455 127 20942569
49345 74 76293749
72434 4 15906063
26163 183 70058564
65412 18 46558344
57968 125 97536445
45766 53 60669513
84018 158 20689117
66890 151 17923607
40510 178 40188441
75162 124 48046179
90990 29 89708712
80526 112 7227236
2224 93 78702014
57156 111 45561067
73793 106 67108042
47986 35 9263670
48704 146 54234492
95423 98 18700341
35543 169 21759916
81241 118 97176194
29187 194 39399831
64009 37 83228235
82244 75 88325187
43587 11 74887702
96304 24 4571401
58314 192 43147902
43793 88 64446600
3433 103 79526802
4338 193 38169152
76401 146 86149694
67880 147 75832524
58270 172 98093169
64332 175 39784406
16465 32 41154872
11115 91 25452547
39721 132 39535920
27195 20 37917582
54301 87 71285552
26318 90 76302551
22981 151 2184744
5186 43 73273939
91011 61 19569814
16480 149 23087642
69542 9 90622435
45595 36 23861212
48602 198 92421072
16454 1 31184633
15839 26 14279730
78785 8 76898659
99155 188 32394691
70384 199 44813049
53371 173 66173054
63089 136 89308179
97693 190 95735512
72324 45 4862118
57740 114 38954541
40790 92 74939604
28062 17 25839766
50834 92 67183132
51967 81 60053778
95555 101 79043564
21326 38 34997706
88897 3 7965702
52577 139 46883295
93547 40 84218065
1816 178 33156982
60997 167 52596718
23950 67 1704111
37980 16 73459525
53104 1 51586977
82633 45 39242270
54218 119 5604471
21481 15 52032329
74173 194 69529125
8884 134 53385149
73882 131 60154729
82775 114 40629993
84009 69 12857627
35895 148 96005597
99447 138 3384568
47292 199 49072132
86426 67 35837872
45304 175 38595742
1478 189 53109338
46827 38 80762859
76709 144 35556481
4873 66 12310030
91535 1 8649205
90416 149 28108418
85891 71 45483272
81342 91 63873297
98220 190 18445213
83415 182 83864352
79275 136 90602117
64065 112 260989
22964 131 42268853
47883 125 68705317
79491 177 47074702
42509 97 91295897
58861 23 94885373
53534 47 28824592
39914 181 95660191
61066 154 42470922
77937 185 33998432
19886 112 48385949
96184 157 78839929
14548 13 83916395
14562 186 13684678
86217 169 32979751
19050 35 80957800
72799 119 93454842
11680 56 84475626
80399 138 753899
28845 79 69390981
32709 164 22831558
31828 36 75509779
69062 196 37407466
86195 186 54260044
84684 172 45091203
12628 66 19674950
23811 111 32490584
56794 23 51833828
47221 158 6103071
3076 140 79750578
84690 163 87225431
17003 105 61142428
3414 153 38186604
55868 19 208033
6897 136 28789717
59862 94 9637542
71281 101 70646016
61587 114 50549762
42155 157 11870348
41751 68 95473394
64847 55 60984105
23422 69 56666049
22531 189 76309050
35257 40 27781810
61604 85 2946630
88080 177 34217051
92522 145 25362398
255 135 32787973
5451 59 58725337
11089 142 11261229
35475 154 43478750
36576 119 85117661
91398 95 22947629
86007 124 68556292
84272 123 94413223
97794 137 49781606
85600 84 64818622
30863 178 92693952
29710 65 59472010
57575 10 56528567
76576 162 76674187
91213 106 27229670
8869 54 2330432
7672 5 93491661
54473 125 13196402
61211 129 29792230
33928 67 31561127
15225 184 80108424
68503 1 47819720
57111 150 79400895
10086 153 48707430
84618 103 35722225
20058 19 25533411
85526 23 21869853
16476 167 61742690
97560 131 73191149
66529 177 64484932
47463 111 36159823
88125 100 8081475
52960 39 65089811
1839 45 734151
56828 179 8892196
21377 23 22045167
34796 194 51368297
79499 19 68778556
76820 73 70990786
45554 65 69257830
90008 23 24796132
60940 57 61097148
69268 196 74163737
89776 80 81123752
64125 44 45164704
7980 29 47740505
96574 168 50869711
19188 45 23739488
46303 102 22762228
11996 65 36513841
65236 126 68303342
51171 108 85286714
65577 111 67518005
98610 193 70818864
17262 66 95288052
49984 11 98871445
48396 57 88658903
16159 17 748057
88089 90 19881588
56709 151 60306666
68765 131 81052908
33656 11 25081435
86188 65 30474995
74052 76 33125985
61051 191 44203548
77806 95 71813946
85396 133 89502451
95653 198 26010175
8312 65 68362681
27952 189 5623412
67240 176 16931300
26513 26 2726476
23029 145 79111284
33219 27 76949925
30201 60 1590847
17093 1 43222823
56094 183 2705609
97755 121 82172672
74166 173 20296718
95806 72 77757543
58288 124 54580351
75951 149 37763451
90210 91 7189066
71834 94 51558339
13299 175 2616911
72832 66 46059764
26271 35 52345515
10717 1 56562114
57191 107 73326017
27658 78 18101346
2556 8 77540328
15403 172 23839469
18935 190 26765946
25640 55 61955151
64213 146 96932338
17968 199 29586537
50827 189 40797707
9640 102 34536845
77527 179 90745757
62101 137 92507599
17529 92 33061278
729 126 85378540
23612 68 7820516
41569 117 29860902
60833 112 30816438
40784 54 70191841
95963 78 6105158
88729 148 93970559
22668 101 24997809
35457 94 45491
50961 91 39172955
47548 38 47153902
56946 80 2370228
5341 117 2144159
70249 75 58242860
58496 143 59062803
61864 190 87509745
76902 59 78602015
31584 7 2669571
7323 148 63727238
93506 88 34842116
58514 8 84075967
71645 160 95989559
40175 14 98272982
29309 124 38221129
51461 71 21907706
80365 48 40674413
69320 117 48371721
82365 183 92676215
12770 137 98307683
70677 114 93649798
8205 185 36547644
78700 177 80192403
1029 180 61879987
55184 155 13048939
92552 10 35822375
19738 170 35564141
68553 27 90094647
16642 89 15936652
58653 23 74908252
4795 149 56159934
74256 61 4489378
8856 108 49438995
80419 100 75701380
65640 172 76762287
76985 138 89828420
51149 91 3068471
3984 123 93483031
98405 148 55820120
18637 122 25710573
97576 140 37240381
92203 135 52582966
2589 164 30768723
29972 172 12696406
61682 113 13044802
34480 79 83383988
14280 97 38746586
31013 82 31030877
46281 110 87244206
49641 26 97603359
92374 158 15965107
10157 117 36088307
78172 144 89864891
54331 48 77775865
99417 39 9789752
13713 77 10203033
74395 111 9711603
82563 26 57500891
60288 87 79262062
12451 1 50390553
44670 45 53616098
40065 94 6587413
9823 35 21797293
91770 180 17412770
38105 136 61998339
70367 81 77953336
15398 6 52806227
50654 146 12872565
17560 183 88546953
80562 7 83703107
48428 41 53120240
26796 129 62064115
83267 83 29917754
95905 89 21209059
12757 3 46970407
52135 150 4511403
29991 20 56566638
31329 8 98473497
84885 90 34623352
22756 65 53660375
28735 116 83753841
66667 130 78423692
12573 142 50220822
80612 86 79917008
76140 16 61133832
54797 138 77890853
75241 18 17138847
32723 24 79480873
52897 96 94431886
98950 112 15766105
65899 12 10505915
66118 195 79500191
39795 159 8097776
26512 52 28957015
48449 99 33539667
27576 183 35911539
28643 180 59254561
79054 134 99445443
68291 180 51628637
50775 94 97775048
95999 35 15985949
42954 95 89446100
84860 162 46530282
41521 123 28176736
34867 82 35582782
61198 127 77228840
18218 39 73994191
31027 94 68354306
96894 51 40586069
5286 166 40760342
60732 137 62118957
71401 181 68563590
99936 6 27956799
18721 43 88802132
59549 30 30529145
14136 51 92306395
24538 24 5544537
59951 24 22091767
25860 200 61364283
85285 178 14613424
43439 139 32403868
90970 51 59693315
17501 17 24834869
81117 57 29439148
48298 74 65366222
21723 170 67773473
9041 136 13867079
5452 85 70112616
83503 46 327685
66561 35 85268529
76950 81 54470972
95819 191 95209657
82747 163 62274717
12006 78 68705093
84634 193 9355226
21677 43 18169130
54994 101 41153443
87901 11 27984765
81287 185 21721246
38275 72 64402208
70135 26 62498187
45766 118 5943265
68767 100 96859622
65697 10 6047491
69071 126 88091193
84172 69 21282491
68387 100 55496131
35695 69 51581215
66766 126 81704178
31761 119 30166663
44602 115 57905105
11975 104 79612444
74720 96 62170253
38114 133 24921467
97084 119 47259266
20937 80 7146555
33367 104 97229317
85402 102 52629963
71651 35 84399496
32223 160 82694642
92327 97 29014405
39321 92 71852795
39805 142 93946082
31643 98 14015758
95037 172 74948102
14905 126 55993618
29308 23 19384287
80212 156 46535486
50301 178 51147432
44209 102 38493957
28694 30 4521472
95274 1 40428567
98481 77 76726842
17255 61 21774954
25423 112 13431993
45545 188 7209181
14904 34 42317468
48910 40 70643718
59344 154 50584599
5066 140 82729059
53740 131 33677642
49260 109 42591760
26755 39 42014249
71431 20 70162692
38663 129 74760688
43853 172 52004969
29499 103 55795307
8932 99 69526107
78427 154 77893738
37410 182 27404023
91449 17 68085741
78539 106 77145022
25971 27 18303129
32631 146 83783539
15562 77 18038560
93627 168 81832046
1758 99 32492878
34779 198 57782908
25408 156 96680011
72433 36 13760497
75118 58 88915497
34253 99 86430231
99193 118 58634129
53921 183 54510971
66592 197 9454004
34276 85 19132371
25820 50 15199984
52339 49 93723793
13856 13 78198655
44926 161 83962648
54106 199 84274492
73720 152 41613728
32704 174 44010812
69625 171 42945878
37221 64 25518831
51276 68 48337464
78083 48 18098
68629 109 85815264
75687 134 90516192
25832 99 79250420
41108 132 93457797
51708 122 22362479
15139 48 11689221
41322 69 34808897
73512 24 65626613
61503 106 67510073
45202 164 12595674
17366 93 53902211
50551 38 77188603
47501 164 73528910
33836 76 9073047
97756 191 78663699
37820 120 71541609
44944 199 62958770
39101 106 35995527
27122 79 99300293
10466 74 74794915
54547 170 65059261
29208 57 99264852
54288 72 72936405
99835 18 23401390
78426 106 91273027
49775 36 15804370
40099 192 19692823
44428 159 3245324
35780 144 44870997
57613 33 48569177
12710 53 16353613
75748 102 62557394
1394 75 36239064
62763 108 6892446
26947 64 45469366
85731 149 98303067
65399 175 50080987
38990 72 5659900
37132 69 55622745
23802 180 39027591
42529 21 58940019
11351 183 69814200
6328 129 45892166
6499 146 98341287
9304 160 56282023
77754 84 27083803
40206 89 10700388
4810 160 67938656
6744 118 42389961
60232 172 12219075
85257 99 23165304
54587 188 22822122
48187 40 5090134
45110 183 2982127
12737 94 30470182
80125 138 61136015
8239 93 76270545
50832 74 77607405
70297 68 63086918
846 1 61122280
93480 144 99243630
50049 51 20047231
80711 141 80479952
75147 192 51634727
42533 96 17347787
99994 191 55151113
24113 93 2117981
7074 13 84137611
78731 132 78359268
72985 132 33813971
13753 105 79167704
63705 28 92184898
62504 42 73885459
27113 1 28928091
46329 38 14922305
26437 50 79301729
49063 87 78684442
16456 181 36576542
60218 88 11675067
80428 89 65680832
86278 16 6779502
92521 159 49476839
28689 123 79491266
15396 16 57055244
69309 151 15949446
32345 166 65029971
25058 93 86388028
38982 154 65789885
71346 41 3361837
83496 195 98251467
15238 80 83153840
27943 184 85977739
45299 43 25187817
24982 25 54794519
20630 56 80367979
35783 85 85187466
90909 87 22741875
41293 193 64184262
7198 97 71784079
7087 12 73790952
47677 95 30608451
31843 81 32433527
95722 86 70310788
31121 162 27322434
682 82 87474467
79881 69 80949373
84497 25 73648365
33140 32 41920443
21230 122 34171938
12379 83 89293527
7200 32 12969118
55350 9 70166303
60298 135 9100503
23559 138 73071102
19579 102 38253935
61748 68 98029087
98231 69 61915488
54511 137 93047703
80994 122 3031737
67115 112 16132679
89509 125 25946604
60134 147 4818488
69343 23 87134122
19590 58 92967717
91897 103 78867174
51157 24 43904314
69681 36 93712449
33391 27 97608130
32889 51 80277813
12108 168 92131696
84119 71 24261667
82976 123 84837385
20641 132 4344628
19227 108 93766678
78931 124 51356886
5617 76 15269012
18952 184 43126008
61789 108 39506103
24354 170 81472356
7597 187 81562722
20642 149 13036005
11230 83 23238340
2961 180 42715330
97333 13 17166904
31243 161 61352570
21435 150 75294565
48140 53 87219556
99788 12 78745459
23438 158 56176568
10721 142 62055446
58740 157 83687070
77887 83 98733949
49630 96 78222630
76616 29 70980608
90338 196 33404961
6993 100 79026085
38940 20 52588195
70765 119 95509465
70461 191 91472464
74430 193 73992388
8408 73 77053779
93999 172 43626153
20835 2 13868658
84719 144 33035548
88830 85 11440066
92912 112 89416808
31824 66 39149425
95768 33 24039113
23954 54 75107191
37184 91 6871790
75290 11 74974702
63696 151 11035905
25250 76 66518069
50216 166 86760117
83125 190 15328906
63177 3 20577447
48515 62 97845946
41572 108 6305836
24241 116 61555508
34882 50 57154398
94615 74 49966690
65515 110 57492080
86069 34 45040627
71952 105 45392776
11083 74 43190686
17166 117 3962163
54848 39 34802750
68703 19 29862586
38894 43 64220242
68525 101 38271265
87288 137 86715320
82243 104 40144126
97788 23 19930115
94548 190 68995650
54709 106 27209640
53987 181 42183006
89795 80 12818579
61224 75 8460785
7149 154 74413168
68912 154 57919158
51872 78 19891199
54046 122 64863240
26416 95 27869966
16462 139 11807252
97202 59 10855755
72778 1 29485200
51346 34 56489180
9787 136 94323053
40676 42 79327573
28782 163 698383
21800 127 39299984
72551 52 68559161
62088 110 46550100
90670 21 30388700
18898 21 60152542
2913 84 92362006
36896 49 4154264
28950 63 87666652
82391 9 86797206
83217 170 83010910
38574 22 77943599
16161 74 1250359
99527 44 50290158
91128 151 77798391
1852 152 37630858
93424 159 38692500
64556 142 31651272
70870 191 98430010
12341 50 51278513
87503 152 11788538
18353 104 16623371
4710 35 95782499
93400 196 9592657
12134 96 65003438
89135 97 52905204
15006 106 78393395
3972 77 18774981
87011 140 72698418
22929 171 96688161
32377 90 37101931
66531 92 12370186
6175 32 16695354
25256 136 72060836
42072 45 26175884
3687 152 42307541
68772 76 22587862
38663 156 85653435
17167 50 66615868
4819 196 14123000
68055 22 61747774
26912 144 14599685
7520 152 74738945
96700 110 34099538
86005 144 41861960
62071 82 26186694
25364 42 22844040
91533 70 22809417
25683 32 91116371
40365 49 27787303
17535 60 59991388
64651 151 90585357
19692 186 88155122
60677 23 88614300
30044 179 64767116
94016 103 80159152
55484 160 22077752
27078 119 52934635
10230 35 39727414
3250 132 65699767
95565 129 57985532
80039 150 31294429
62508 105 98850726
20819 140 6049565
66139 196 26303230
99088 27 89070997
37864 76 33105104
61538 8 43345741
59141 70 37191848
18934 57 49104530
34491 56 31081089
37851 116 82674377
26403 85 49534702
67778 1 66602818
76973 93 37069802
84719 29 41050727
28365 5 59742209
84897 49 57768070
12234 102 23035035
98218 171 35504129
28208 146 82016810
53485 31 29292110
87174 101 91888011
43235 128 66287739
7925 69 7407334
30624 107 16668221
69493 158 16565266
84635 173 51807806
3343 117 23277942
42899 97 59771215
95633 117 89668451
88466 118 81291253
49886 78 54386650
30048 177 38869120
46636 26 64952000
69640 61 94401466
51454 91 24242232
38312 14 89450898
19999 119 965940
8138 39 29932412
7042 91 28784770
35418 99 42540865
14286 45 52565818
39666 41 39352071
64184 109 22985789
19668 82 50720185
90893 40 48572309
19585 114 48362414
66116 137 16467913
72939 96 7492151
39615 69 27138971
98104 132 27675233
58593 198 8436707
62696 44 46891312
90368 120 77411534
60209 153 57804009
77043 79 87704605
89864 10 79794575
25067 134 8824601
28334 14 62529173
99469 47 82508088
42233 58 68468700
59246 192 40035282
49668 6 90134088
35359 51 97266335
38377 95 96952353
25408 72 39321293
47246 108 35758760
20641 51 28286914
23147 90 76618325
35529 181 84449151
27298 177 34916577
69408 163 45952211
30234 189 14645102
68074 49 97664233
55563 3 67980054
42785 151 9216898
30655 98 51356280
15334 139 49610319
88726 85 57149604
75110 147 78899410
10699 38 5479667
1888 23 27526582
32963 162 15047547
35882 140 79974178
52554 2 20828112
1659 162 36763143
85488 164 48701168
16512 80 27948593
48748 60 23739807
48817 55 61309419
56920 183 74132250
9066 197 5047900
27296 105 18257801
59327 15 98083577
9461 112 33418690
36652 182 48119669
96601 164 70028426
89199 193 91086808
46709 57 85737703
16782 85 95717719
20444 76 57528559
45585 8 33437617
4238 74 52920896
23417 116 32413432
17224 166 35288421
85014 18 60594039
91234 56 88748309
5024 136 38883662
48159 132 91160728
42864 60 98673282
25776 9 27192518
1654 118 46415498
65734 96 35405358
38702 57 63091849
26914 122 25702641
35889 101 90013194
430 52 56491736
40920 38 39335318
22529 17 74604687
9982 10 50212711
26023 149 54655581
29476 113 81530302
67106 111 30047551
31774 98 34285948
70000 26 563789
90501 120 51426374
35519 60 57799956
43809 71 1515417
9054 165 36689695
69782 35 52163420
94885 115 11659209
3345 51 77773222
30997 173 15271526
64050 183 84136307
74713 91 97048460
47652 2 66634868
53220 23 34571751
34312 136 51607780
862 173 57700167
56518 72 80220401
84749 27 72014544
97823 86 29965658
8431 114 40470274
39023 72 54295353
94461 187 30999308
46556 17 12907473
99827 62 76018129
85576 131 11087778
15675 184 6605463
89831 104 63884000
81776 22 88898940
81600 27 52895402
24364 176 68150240
41435 132 39536258
68434 13 33118647
85432 55 5333775
70262 42 4451954
75101 199 52130696
36231 98 18909294
93656 10 26122892
28168 78 72904618
79482 56 21119912
35987 173 70768306
23214 12 44751336
10080 17 37914890
70442 43 74103498
38600 6 3116622
21603 157 75875121
16841 25 47157000
74498 2 51363140
61685 159 28096110
84700 48 27308306
43227 181 51079799
84414 6 1052599
61471 116 66036065
76907 188 12902277
58850 48 23888107
24200 35 7641606
78834 39 21074302
91948 22 92514605
78885 12 12111263
74729 168 61631157
91335 54 12247521
1597 81 25521898
59350 116 71010899
63583 187 53194517
51953 55 20943284
93413 86 68700341
99189 48 86155863
54833 30 33139388
75900 192 81170256
13572 174 84609223
86612 54 41128166
1893 105 7447641
55620 103 5913915
49701 120 45292548
99506 24 89653636
50598 46 19485218
18553 79 45798037
81421 46 13511895
39078 175 13371243
55208 197 25676199
99163 157 12111183
99060 152 96321896
60247 102 99126501
91442 175 6441837
83814 190 65446365
7032 160 27147275
43527 105 76437618
11648 69 56475236
62516 66 68791463
46108 31 64806384
37053 64 81648546
68504 6 35573660
2766 179 48507593
6933 12 64873921
78452 174 35385871
96619 140 79165933
52775 65 38393064
38302 174 898112
26012 23 38285353
22908 92 54603030
34915 187 2678134
59208 45 10052673
26870 144 1911286
54223 148 47793269
74464 104 87463856
35545 11 3638400
37004 126 7181041
69778 185 79369125
7964 115 83031719
53235 197 71926326
74746 100 5447999
56844 53 3908885
33498 50 36569301
2243 72 44370517
24825 195 22582424
38315 73 4698878
33164 196 75170703
23500 21 32922989
66263 155 5796508
67605 193 256905
47120 56 97689047
26056 197 29741644
88523 56 27790569
16610 42 20371097
76795 32 51200220
38327 89 64755899
67337 105 54085382
54400 178 75645226
3425 125 95901202
10301 73 49151666
6494 145 72354575
42896 99 10529906
95582 193 46843603
97897 161 68669048
9806 117 83758357
16655 189 37342762
32588 172 81693606
10106 181 6514161
27379 21 66963635
63736 161 68498678
99264 190 14322484
80257 101 23949248
62901 196 86834526
65365 34 10951527
20516 14 69682877
63709 130 41764633
59331 180 82444640
80498 33 74560176
31496 91 40297520
78763 57 21650875
41403 119 30824689
