58
13
10
13
8
8
10
10
17
7
8
14
131
15
8
12
9
204
8
8
11
10
11
12
7
16
13
52
231
9
9
26
88
26
34
8
6
12
8
22
7
7
8
41
94
7
13
11
8
8
28
16
14
14
8
37
9
38
13
8
7
8
8
10
8
14
20
9
30
7
15
14
7
14
8
11
20
12
12
14
8
10
9
8
9
10
10
9
25
69
48
22
8
67
7
15
9
7
12
8
19
9
8
11
9
9
9
12
11
7
7
23
19
10
8
82
10
9
15
11
109
11
18
9
20
9
74
7
8
16
10
22
7
10
10
31
9
10
7
11
7
7
11
18
10
124
9
11
8
9
14
16
9
16
14
8
23
23
12
7
11
12
45
23
6
11
10
8
10
228
8
26
10
8
8
10
388
8
9
11
58
10
11
7
7
8
16
6
16
19
20
5
17
8
20
12
12
30
9
9
18
11
8
23
20
16
9
11
7
10
8
117
98
10
9
10
7
6
11
37
8
171
7
7
8
14
12
7
10
8
49
12
10
7
8
11
13
8
315
14
9
7
9
8
13
25
25
33
6
9
15
14
8
22
18
14
7
27
24
22
8
8
8
14
8
45
8
9
17
8
10
11
7
8
5
8
29
21
7
9
9
8
7
11
7
30
7
8
17
9
209
7
11
70
78
10
12
8
9
10
9
16
76
10
7
11
14
48
14
9
11
7
7
7
8
15
14
25
10
7
7
8
11
11
10
18
45
206
10
8
20
10
7
8
10
11
9
8
6
9
22
9
14
7
18
11
8
17
11
10
8
10
9
9
8
75
7
11
8
383
7
10
11
6
5
9
12
10
8
10
7
11
9
16
16
23
8
11
8
11
11
8
10
19
9
11
11
10
15
8
8
15
18
17
9
9
7
9
68
7
10
12
13
12
11
16
12
10
8
12
130
8
7
24
12
78
35
7
27
20
5
16
18
10
14
6
12
14
10
11
19
10
6
8
9
6
8
10
53
85
12
7
23
9
14
10
7
8
25
105
16
23
13
11
15
10
10
13
24
9
28
8
10
16
8
7
541
18
11
361
15
15
10
9
16
9
8
17
62
11
9
6
7
53
13
10
12
8
9
14
9
49
9
8
10
8
7
10
17
9
11
8
8
8
9
27
8
9
18
9
8
13
8
37
11
8
8
6
8
8
12
11
13
8
7
20
8
9
27
8
9
12
10
44
8
9
19
12
27
7
167
11
15
7
4
17
8
13
20
10
21
11
13
8
13
26
6
5
7
25
11
19
8
45
44
8
15
7
28
11
13
8
608
12
9
6
12
7
24
41
8
8
9
9
116
6
8
65
6
8
13
12
19
45
11
10
7
12
163
8
24
49
24
9
13
9
12
11
29
8
17
7
18
7
7
9
8
9
6
10
147
7
6
9
7
13
7
10
7
13
10
8
11
9
9
9
8
13
18
106
7
21
8
7
43
7
9
8
6
10
8
11
9
9
12
10
21
12
8
17
7
519
8
12
15
14
10
7
13
8
8
8
13
7
8
10
11
7
12
7
6
7
10
6
11
13
9
12
10
29
11
6
12
9
8
11
7
7
12
11
35
10
10
31
7
7
9
23
11
15
9
220
9
8
38
12
107
215
16
9
12
15
129
7
7
11
26
81
8
10
10
8
13
13
12
33
30
7
6
8
9
5
8
14
7
28
7
7
12
8
10
7
21
45
11
7
8
9
9
9
7
7
7
9
8
38
8
42
6
7
9
10
39
10
7
7
11
11
10
8
12
8
5
8
9
110
12
9
7
17
16
8
8
15
9
32
7
12
10
10
38
7
4
7
9
6
24
8
51
7
14
7
11
15
15
8
11
46
25
7
27
20
8
12
8
12
7
12
17
22
9
8
10
22
9
10
15
7
28
26
12
19
9
44
20
8
8
10
17
7
15
29
11
12
13
11
7
10
38
17
8
67
11
9
34
14
8
9
10
24
8
10
9
33
7
16
9
8
7
32
19
11
33
8
64
11
7
8
17
12
28
7
9
7
6
8
11
105
429
8
17
7
8
9
8
6
10
9
48
10
10
13
12
9
9
14
13
13
27
12
7
11
26
9
31
7
16
7
8
40
8
9
8
10
11
8
14
33
9
11
40
9
10
8
20
14
9
24
5
10
1386
7
8
14
68
9
94
8
7
6
18
11
10
11
14
7
7
70
10
14
33
7
9
8
9
10
10
22
10
27
8
16
16
9
10
55
44
9
13
107
26
9
9
7
18
9
7
14
9
9
7
6
18
12
42
7
8
31
8
7
12
8
9
18
8
64
9
9
7
14
9
20
16
7
7
10
11
7
7
9
9
7
5
11
16
20
4
13
7
11
11
17
25
8
10
17
13
12
8
13
10
8
6
7
26
15
9
8
9
16
15
8
14
17
9
9
8
11
27
9
8
14
10
12
19
8
13
8
35
21
11
12
8
35
9
9
6
9
7
8
12
7
9
10
8
8
11
51
10
23
8
10
6
10
11
14
45
12
25
12
386
10
42
26
6
6
13
9
7
8
8
9
6
8
10
11
8
12
26
9
7
8
6
10
16
65
9
10
9
56
8
8
15
7
15
9
18
12
13
9
9
10
19
11
9
9
8
10
24
16
7
8
10
12
6
557
9
6
13
8
9
11
6
9
9
14
11
9
9
6
14
14
7
18
8
20
8
8
7
12
15
10
7
9
8
10
11
12
7
56
18
38
11
15
9
10
7
11
10
10
17
9
5
10
18
7
8
9
10
7
10
166
18
9
8
11
8
8
7
14
10
17
17
7
12
17
8
8
10
17
13
13
7
7
8
7
9
11
17
9
7
9
9
14
18
7
15
110
7
29
9
14
45
13
76
11
7
9
16
31
6
23
18
9
12
1093
8
45
6
9
16
14
13
235
9
109
12
8
13
7
13
9
11
8
6
8
8
15
8
9
30
11
16
9
12
101
12
12
10
8
9
9
14
17
8
7
9
9
11
12
9
6
48
25
12
22
10
11
10
22
11
7
12
12
8
9
13
9
10
27
11
8
24
8
8
58
70
11
16
26
8
8
12
17
6
311
11
6
104
9
7
11
19
7
7
9
98
8
8
14
97
5
13
11
11
12
7
11
15
14
8
10
23
31
9
9
8
397
26
19
7
9
16
9
253
20
8
6
23
12
7
9
16
6
15
19
7
10
8
22
109
9
11
13
8
11
32
21
12
19
15
9
7
13
14
16
15
18
13
9
42
7
23
149
11
28
21
10
8
7
12
7
7
7
8
8
9
12
16
9
12
566
8
6
10
11
13
27
15
12
21
7
11
10
8
9
18
9
8
7
8
9
224
9
17
7
10
10
30
8
7
8
6
12
13
8
8
8
10
25
12
8
6
35
12
9
11
7
7
7
9
50
7
8
15
66
16
51
21
6
11
9
7
9
6
9
9
14
8
68
24
28
11
5
25
37
8
8
7
9
12
10
9
8
9
10
9
8
8
20
10
10
7
12
18
16
7
14
25
8
15
8
28
15
11
10
7
12
33
29
9
7
8
12
7
15
17
15
9
15
21
8
7
9
10
15
6
25
9
9
9
13
11
11
8
14
13
8
10
22
9
8
11
13
10
16
21
22
29
16
40
10
10
28
150
8
8
15
6
9
8
7
7
7
10
7
11
12
60
6
10
7
10
10
19
15
33
12
80
25
7
8
12
8
19
8
8
10
7
10
12
8
13
10
25
8
12
10
13
8
246
6
25
11
10
11
40
6
91
8
11
8
12
44
24
13
14
15
17
10
11
7
9
7
11
32
10
7
7
7
8
682
9
9
9
17
9
9
11
9
8
9
12
14
9
16
15
11
82
25
8
14
9
201
9
12
33
9
7
12
11
11
8
15
11
42
8
13
11
44
11
9
9
17
9
7
6
8
10
7
17
8
6
24
9
6
12
8
43
17
18
10
9
7
8
11
9
12
10
12
7
8
8
15
8
9
16
8
8
7
36
10
21
62
39
21
10
22
8
9
7
9
9
54
9
9
8
9
8
6
8
15
9
10
7
7
17
8
7
11
10
18
20
9
15
8
23
7
161
18
13
10
9
10
7
7
12
10
10
31
10
8
16
7
52
7
7
10
11
9
7
9
10
6
22
10
11
10
9
210
8
12
9
8
7
15
8
17
8
16
8
8
7
11
7
13
7
16
252
8
9
9
50
82
8
7
7
13
9
11
39
57
10
22
18
8
10
10
14
13
12
7
100
14
24
8
7
10
9
8
21
9
7
9
17
10
9
10
25
14
10
8
27
10
7
9
11
12
9
7
12
9
13
8
9
8
7
21
10
9
19
10
9
15
12
8
17
53
10
19
16
12
6
6
21
10
9
8
13
6
33
12
10
10
11
11
8
637
12
34
5
12
9
8
48
18
7
15
7
7
11
8
9
7
27
11
7
8
11
11
85
8
30
16
6
35
7
8
12
8
22
12
10
7
12
9
41
9
10
7
10
7
7
8
17
8
31
34
56
7
6
7
8
7
36
27
24
17
40
9
5
8
8
8
13
8
12
8
22
102
8
8
11
56
7
12
17
22
7
8
1191
6
8
9
11
7
8
8
8
40
22
7
6
7
9
10
9
8
10
7
7
10
7
9
15
7
11
7
11
16
8
8
20
14
8
12
8
13
15
15
9
8
8
16
34
8
7
12
7
7
8
13
12
9
19
8
12
10
9
645
8
13
8
7
9
11
7
14
43
7
13
10
111
16
15
12
8
7
9
15
69
11
12
8
13
7
6
9
9
20
7
9
7
7
10
24
28
164
14
6
7
9
13
289
30
7
7
16
12
93
22
16
146
11
6
8
6
46
7
10
10
48
6
13
12
9
6
7
7
8
6
10
12
7
12
6
14
11
8
10
11
34
14
27
16
22
7
34
7
20
33
14
10
29
13
19
9
27
8
34
6
13
10
19
8
7
7
6
8
11
9
13
18
8
18
9
13
18
7
9
11
5
8
28
11
8
11
8
13
10
6
14
9
7
8
8
6
12
13
22
17
12
7
10
8
9
8
13
15
15
9
11
18
9
21
31
9
9
7
10
10
308
23
9
13
27
11
9
10
11
9
8
13
50
9
10
13
8
8
12
69
8
13
12
21
20
10
8
7
8
7
7
10
9
9
36
11
10
11
9
12
10
20
8
9
6
10
8
10
16
9
7
28
11
17
7
24
9
18
8
13
10
9
5
17
10
19
8
6
14
9
19
7
7
11
8
23
8
21
13
7
68
27
10
16
231
20
7
7
9
12
11
13
17
8
8
21
7
9
9
7
29
7
52
8
10
534
7
6
213
8
12
17
8
9
8
8
43
7
8
6
9
11
12
7
10
7
9
1231
61
30
26
9
8
8
7
13
13
31
26
43
13
22
7
7
8
10
7
15
8
8
8
19
8
16
36
8
13
9
7
8
11
11
10
13
9
9
72
84
8
8
9
45
54
7
6
7
7
18
16
13
8
21
12
124
8
11
9
13
13
9
17
7
7
9
240
18
7
11
10
171
7
52
18
16
10
7
13
12
7
11
8
34
100
6
8
47
7
26
16
26
17
7
17
13
9
13
11
13
22
58
11
8
31
7
23
11
12
9
11
11
8
8
7
10
10
16
12
9
16
11
22
8
17
7
9
13
29
7
17
109
10
49
8
10
10
7
9
7
8
7
10
7
28
122
59
10
11
9
1205
8
8
26
9
12
10
7
9
29
15
10
24
8
7
11
8
10
10
19
7
11
11
8
9
20
11
9
8
9
13
9
14
7
9
8
13
33
11
21
9
9
8
13
10
7
237
29
7
11
19
8
8
18
14
8
10
10
10
11
9
11
14
14
11
8
29
7
6
9
13
9
7
10
11
8
8
7
8
12
12
10
10
9
9
8
11
11
9
7
7
51
35
11
7
6
10
14
56
32
12
9
8
35
9
8
16
43
10
8
12
7
10
8
8
9
15
56
228
8
13
51
6
7
8
10
38
6
12
11
22
13
40
10
8
12
8
8
9
23
9
10
7
8
14
10
29
9
8
28
8
16
8
13
11
25
8
8
11
7
293
8
10
9
9
14
12
9
30
12
8
11
8
15
16
12
19
8
11
13
76
11
7
16
6
9
8
13
8
35
9
9
9
75
16
9
15
16
10
7
21
9
8
9
9
32
10
15
10
11
8
12
7
13
9
9
16
21
10
8
8
9
8
8
9
11
12
12
142
13
8
12
8
36
8
10
20
11
8
13
9
8
9
11
8
9
8
7
36
8
20
13
59
8
15
9
12
8
14
12
9
28
9
6
7
7
579
6
13
9
10
7
15
53
9
9
8
14
8
7
9
8
11
9
9
11
9
9
11
14
8
10
9
20
7
6
8
7
7
16
12
11
9
6
8
5
8
6
8
8
6
20
7
9
7
9
10
12
10
40
8
7
8
9
8
7
9
10
10
20
10
14
9
11
7
7
8
30
8
19
8
8
13
10
11
7
12
11
13
8
18
10
9
14
7
12
8
8
8
33
6
13
50
74
11
10
7
12
11
19
15
12
14
16
12
42
8
14
9
12
8
8
13
14
24
6
8
8
8
8
8
24
11
6
10
9
32
7
250
7
10
9
10
7
19
7
10
9
8
10
8
8
11
8
10
13
11
17
7
20
9
50
9
7
10
24
8
10
10
8
57
36
37
22
7
39
23
8
12
9
9
13
8
41
11
9
10
13
9
8
11
14
10
8
11
11
12
11
11
11
64
8
10
7
14
6
16
10
8
72
7
6
8
13
8
17
8
8
7
10
8
15
606
13
9
6
12
20
25
10
7
11
13
16
19
8
8
5
6
13
10
12
19
9
8
11
13
9
16
15
8
8
10
8
83
10
8
7
9
11
10
17
13
12
8
8
15
9
9
22
9
8
14
11
7
11
11
184
7
6
157
8
8
9
11
9
14
9
9
8
6
18
17
11
10
18
7
18
8
11
11
8
18
13
11
7
7
9
6
22
49
17
10
15
8
8
11
10
7
26
10
11
11
7
7
7
7
6
12
8
8
14
10
9
12
14
7
8
7
8
10
21
9
8
14
7
10
12
8
30
7
10
7
7
18
17
25
8
8
15
7
12
24
47
8
10
9
8
10
20
22
9
8
7
7
10
12
40
10
10
10
8
11
7
10
20
7
18
12
28
9
43
7
18
11
8
7
9
7
9
41
8
7
9
12
11
12
10
10
12
9
8
8
6
9
12
9
7
8
17
12
11
10
13
11
9
11
6
8
9
21
8
8
10
7
6
13
8
14
8
9
75
14
7
13
8
6
10
64
8
7
12
8
12
7
10
45
23
10
8
5
22
10
8
14
11
10
10
10
11
11
26
8
7
10
52
13
7
12
7
9
9
32
14
16
17
8
38
8
10
13
7
1119
11
10
9
15
8
9
16
10
9
10
10
7
141
9
21
7
17
12
8
7
11
10
31
8
9
43
7
9
29
11
18
8
10
46
8
317
7
12
7
18
12
18
129
18
24
7
7
11
35
12
7
11
10
9
18
10
147
12
8
7
17
41
9
11
8
7
13
10
12
9
9
14
11
9
90
9
8
7
19
7
18
7
10
11
18
138
13
9
9
8
13
9
17
8
13
15
9
19
7
8
25
11
9
9
24
13
9
14
7
33
17
13
13
7
25
9
24
10
6
15
10
16
6
9
8
7
8
19
7
51
8
23
16
11
8
15
9
7
55
12
19
17
8
10
10
200
7
8
8
14
22
23
8
13
7
6
35
6
9
35
11
15
8
9
51
17
12
7
16
7
8
50
8
10
10
160
8
7
16
9
31
9
11
9
10
48
14
9
12
13
35
8
7
8
7
11
7
12
8
124
8
6
17
7
22
8
13
7
7
8
7
8
112
10
17
9
24
17
57
7
9
9
9
121
19
9
10
9
8
24
15
9
14
13
22
11
8
7
9
9
13
8
10
13
10
25
20
8
21
13
8
9
7
7
7
15
26
9
154
8
22
9
11
12
14
8
7
10
8
10
6
33
9
8
8
67
7
17
9
14
8
9
27
17
29
7
10
8
7
10
10
36
20
8
8
20
14
8
94
6
8
9
7
12
8
17
16
12
9
12
8
7
8
8
7
83
13
9
13
9
6
20
7
10
46
35
7
14
8
9
7
18
9
8
9
7
29
6
52
10
14
11
9
9
7
8
13
6
9
14
8
9
7
18
38
16
7
15
11
7
7
21
8
7
7
29
15
8
8
35
11
12
8
13
28
9
27
15
11
9
13
12
8
9
6
9
10
10
17
34
9
14
9
67
9
249
7
8
9
7
6
181
5
5
11
6
9
10
10
15
931
8
7
35
17
19
18
11
11
9
9
9
10
8
8
9
20
9
10
20
7
19
8
16
7
7
15
7
10
38
19
9
7
16
10
8
10
9
8
21
26
13
10
10
6
25
7
13
17
26
20
9
7
8
42
8
44
145
8
9
7
9
7
8
18
10
12
57
8
9
10
9
11
8
8
11
36
33
7
17
7
9
16
9
16
7
9
7
8
52
12
7
48
38
14
9
13
13
7
16
9
7
7
10
8
11
7
13
7
12
7
9
18
7
7
8
7
10
10
8
31
11
7
10
128
10
8
19
27
7
7
9
7
7
9
98
9
7
53
8
9
7
12
7
18
6
32
22
7
8
8
11
47
11
9
7
6
10
24
15
12
14
7
8
12
11
15
50
7
13
8
8
28
17
8
7
8
16
7
10
29
16
22
25
42
6
9
22
7
37
13
7
16
19
8
7
12
9
30
8
8
9
8
7
7
7
13
13
10
10
6
12
7
9
14
8
10
16
9
10
24
9
7
14
10
8
16
18
9
10
8
9
39
7
48
68
10
10
20
16
11
7
11
10
8
8
9
21
16
13
10
9
26
47
11
9
9
7
25
8
8
6
26
1159
8
8
33
9
10
7
14
188
14
24
23
17
13
7
6
24
7
9
8
9
16
9
11
7
8
6
9
8
13
8
7
64
9
11
78
14
13
6
7
6
55
17
9
13
13
7
24
9
20
23
8
12
8
7
8
20
35
13
123
10
11
8
6
17
20
10
8
29
9
11
22
8
23
8
10
12
38
9
7
8
7
10
7
13
9
1203
9
9
7
10
15
15
7
46
7
57
8
10
8
38
23
14
12
10
145
10
9
36
16
8
9
16
8
11
11
7
11
6
7
9
10
8
11
13
10
15
39
7
7
97
20
7
9
13
9
9
8
9
29
11
6
15
8
6
7
8
13
9
13
26
18
7
10
5
70
9
10
9
8
11
8
6
9
8
13
8
8
384
8
11
7
24
7
22
10
9
9
12
7
6
8
17
5
10
10
35
7
11
18
7
25
23
19
7
24
58
7
9
11
25
12
13
7
8
8
13
9
51
9
15
12
17
8
215
43
8
8
8
8
8
7
12
17
7
7
10
260
11
10
12
67
28
11
8
12
11
7
8
20
9
22
8
7
7
11
70
7
8
20
8
12
9
6
9
9
12
9
10
15
22
10
51
23
8
8
327
9
10
7
8
17
31
14
8
12
42
23
8
21
12
8
10
8
8
10
7
8
9
8
9
8
11
8
12
7
12
20
7
12
7
12
12
9
9
9
10
8
10
11
9
8
12
51
7
8
8
10
12
25
8
8
8
10
9
10
31
7
6
7
9
10
20
19
9
7
9
7
6
10
7
10
7
11
12
18
10
42
148
11
9
8
102
127
9
7
7
11
14
356
23
6
6
8
7
9
2
7
13
9
7
8
47
10
9
7
14
8
9
16
8
8
14
11
7
9
10
13
44
9
9
8
7
10
25
13
8
10
11
62
18
10
7
9
7
9
70
56
8
20
6
8
39
8
8
10
568
125
8
12
10
7
5
10
9
24
7
26
7
8
25
8
7
7
11
8
12
7
8
8
7
7
9
7
8
6
8
8
12
10
7
27
33
14
8
6
9
20
13
9
7
9
17
15
18
10
7
8
11
8
9
10
32
7
8
6
31
8
8
9
9
8
7
8
11
9
14
13
8
7
7
6
7
9
16
6
11
16
10
8
13
17
13
16
22
12
12
7
34
10
8
25
24
7
8
6
39
32
9
19
7
16
10
14
7
17
30
11
21
12
9
61
38
7
14
7
10
10
8
74
9
11
5
13
8
8
8
20
8
21
70
9
15
20
8
7
9
7
8
9
8
5
8
11
12
35
8
7
16
48
306
13
9
9
7
9
27
22
7
19
17
9
13
7
6
7
11
9
15
9
11
8
8
13
9
27
9
10
8
37
12
15
34
12
8
8
30
535
14
7
16
7
14
12
13
29
9
9
7
8
9
9
13
10
22
10
20
25
20
8
10
7
13
9
41
9
13
13
10
63
14
9
8
26
9
73
8
14
7
7
7
7
7
8
11
9
50
7
9
13
10
7
9
7
21
52
16
8
22
10
8
9
8
12
7
9
12
6
32
10
7
8
24
12
8
16
24
29
9
8
12
9
21
20
9
19
8
12
9
10
19
9
7
8
11
9
16
14
9
10
10
9
13
8
8
9
9
10
13
10
8
10
10
7
57
15
7
96
10
12
8
23
36
10
11
7
7
9
25
23
7
7
7
8
73
7
7
18
8
8
8
9
10
12
12
10
8
9
13
17
17
8
10
7
8
8
14
68
15
11
21
10
16
7
8
50
7
12
8
7
9
5
8
7
21
9
9
10
9
18
8
23
36
8
9
9
13
13
13
7
10
8
8
12
10
9
9
16
8
7
6
10
10
19
9
47
9
8
10
9
9
16
67
12
7
13
7
7
13
10
8
33
8
9
34
13
18
7
8
8
5
10
10
10
8
11
132
147
5
9
18
7
10
9
34
9
38
8
12
10
29
19
14
6
18
9
12
14
9
7
8
8
116
12
9
8
15
14
8
37
8
11
10
7
8
11
8
7
7
7
7
10
10
11
8
46
10
22
19
9
13
7
9
15
8
11
12
8
7
331
8
38
17
7
7
7
36
7
11
7
65
9
11
9
8
8
7
8
16
7
13
31
14
19
13
8
18
21
10
10
11
8
8
11
8
7
8
89
23
7
9
8
24
7
11
11
8
9
10
8
12
26
7
15
9
9
5
8
13
13
9
11
10
7
10
12
7
10
9
8
11
8
8
13
296
7
7
10
19
9
6
17
8
9
11
10
10
7
130
7
9
8
8
7
9
9
7
15
31
7
10
3
14
6
14
8
8
8
8
11
11
7
9
8
12
24
8
12
19
8
7
13
43
7
16
14
139
9
17
12
25
11
20
8
10
11
8
8
120
8
7
13
6
8
27
36
41
10
8
9
30
19
12
8
9
7
7
9
8
7
9
14
8
20
26
9
20
11
8
7
14
9
26
18
7
23
7
6
8
46
27
7
8
13
31
7
7
15
6
8
33
76
12
7
9
31
11
8
8
9
7
35
9
5
11
8
7
11
14
16
12
199
11
8
13
8
8
10
11
19
13
39
16
14
11
10
9
8
18
11
64
10
14
6
9
7
10
7
24
6
8
7
7
17
8
7
11
15
9
8
35
9
14
7
7
12
7
33
8
9
16
9
8
7
9
8
12
7
10
10
16
9
10
51
18
18
7
12
7
8
11
24
9
17
8
11
15
8
7
15
22
7
16
8
6
7
8
17
13
9
7
9
7
17
7
10
11
9
10
6
21
7
17
35
9
27
14
33
10
9
10
7
8
32
10
10
7
9
5
9
8
9
19
7
7
12
9
9
61
8
7
8
12
8
11
11
8
16
8
9
8
7
8
17
7
6
10
25
12
7
11
10
10
17
7
22
15
8
12
18
8
10
10
11
12
8
10
13
14
13
13
22
7
8
27
25
8
29
15
7
7
43
10
13
10
10
12
9
8
18
24
32
8
9
8
9
8
21
14
11
8
11
11
20
8
9
7
13
94
10
12
8
12
10
8
11
10
9
8
12
16
8
11
9
49
21
10
16
