2000
414321 8 299904617
136935 5 355115128
53477 9 265212362
500000000 2 387420488
387420489 536870911 500
387420489 387420488 387420489
406369 7 377279170
18 1000000000 536870912
118188 3 635499394
334478 8 935080018
154812 3 841627998
500 387420489 18
18 18 536870912
387420488 18 500
500 500000000 500
500000000 2 536870912
536870912 387420489 1
387420489 500 500000000
831014 4 209361786
536870911 536870911 2
500 536870911 387420489
2 1000000000 3
387420489 1000000000 18
2 536870912 387420488
931377 7 547107693
3 3 1000000000
526338 4 330297511
536870912 536870912 2
500000000 536870911 536870911
402705 10 935763221
80486 7 455169690
709545 2 688300948
2 18 536870911
536870912 2 387420489
387420488 500000000 387420488
387420488 1000000000 1000000000
387420488 3 1000000000
387420488 387420489 500000000
1 387420488 536870912
3 536870912 2
328015 5 831131530
619369 10 243649791
2 500 387420489
536870911 387420489 500
18 536870911 387420489
536870911 500 536870911
698303 10 920879109
1000000000 500 500
29552 8 738983736
500 387420489 500000000
500 2 387420489
662287 7 99459472
129156 9 48445352
457257 5 247109837
18 387420488 2
536870912 387420488 1
160786 3 366360846
671885 9 854255108
536870912 18 500
1000000000 500 387420489
921439 6 932491087
189055 8 731303325
747665 6 924103069
622304 9 440699080
196188 8 940364444
18 500 500
587475 8 114370630
536870911 1000000000 387420488
55926 7 664091223
1 2 500000000
1 3 387420489
1 500 536870911
18 387420488 387420488
234132 7 909310024
2 2 2
248173 2 712265447
18 18 387420488
380478 3 329111019
387420489 3 2
18 387420489 500
536870912 3 2
742590 10 315381936
500000000 536870911 387420488
894826 6 407989322
256575 6 991981293
940636 8 474823362
18 1000000000 387420489
986775 10 705359470
18 536870912 18
387226 8 316945536
536870911 3 18
1 1000000000 1000000000
522145 6 897118705
536870912 1000000000 500000000
504343 9 446036471
501173 9 820985903
419647 5 119118971
3 536870912 536870911
828515 9 150719278
1000000000 387420488 2
376656 9 572984862
500 387420489 387420488
500000000 536870911 536870912
2 387420489 18
1 536870911 18
904893 10 648542987
18 500000000 500000000
3 18 536870911
18 387420489 500000000
455472 7 568128710
682060 2 801599768
361861 5 951019877
3 536870911 536870912
500 18 387420489
387420489 1000000000 2
892885 8 706978653
387420488 18 2
320322 5 869308947
42948 5 888345827
536870911 387420488 18
536870911 387420488 536870911
2 1000000000 387420488
501703 6 479309068
573377 5 493421708
1 500 500000000
2 1000000000 387420489
157274 9 303362632
967103 4 246649382
654371 6 500353710
536870912 387420488 536870912
536870912 1000000000 2
536870912 387420489 3
536870912 2 18
1 2 536870911
927750 9 660490087
516800 7 557386546
500000000 3 387420489
536870911 18 536870911
3 500 387420489
770498 3 601338817
536870911 536870912 387420488
500000000 536870911 500000000
815302 10 188903066
1000000000 500000000 536870911
967760 9 273500402
632020 4 892445795
321420 7 52219408
387420489 536870911 3
387420489 500000000 3
387420489 387420489 536870912
496117 10 16861166
3 387420488 1000000000
723533 10 758136333
1 500000000 2
536870912 3 500
536870912 2 500000000
737910 4 883522921
717551 6 842559687
732279 2 788850875
3 3 536870912
18 536870911 18
715852 6 403538854
2 536870911 18
3 3 18
331187 8 923436029
536870912 2 387420488
629133 4 236029208
639317 2 926239651
1 536870912 536870912
536870912 536870912 1
86820 3 920678991
1 387420488 500
169764 3 791978181
500 387420488 387420488
387420489 2 500000000
2 18 1000000000
1000000000 500000000 387420489
844382 6 614875325
293326 2 741810822
279311 2 308481082
966004 9 534248486
25582 7 579898572
714402 3 156725590
387420489 500000000 1
1000000000 2 536870912
648593 5 201587136
1000000000 536870911 18
825664 8 148120340
902099 10 77510559
387420489 500 2
2 3 3
3 500000000 500000000
989840 4 591775107
18 500 387420489
536870911 3 387420489
536870911 500000000 500000000
770531 2 17042606
191372 2 373873722
536870912 18 2
915738 3 885396836
3 2 2
500000000 18 1000000000
500 536870912 2
500000000 387420489 500000000
300955 6 92218222
1 387420488 536870911
536870912 536870912 18
624393 9 727994899
910841 10 377008434
220702 3 458430090
536870912 500000000 536870912
732443 6 698624307
500 387420488 387420489
926028 7 661627373
387420488 536870912 536870912
130681 10 600556132
536870911 1000000000 18
45051 10 96569932
387420488 387420489 1000000000
1000000000 1000000000 1
86175 7 806564070
387420489 387420488 2
18 500000000 1
106813 3 809727678
536870911 387420489 1000000000
782216 6 664341048
852479 8 567173324
18 1000000000 18
306807 10 317895707
536870912 536870912 1000000000
1 500000000 500000000
654516 9 587937337
917441 9 663798523
771976 3 737883124
18 2 3
196987 5 609312006
2 387420489 387420489
931848 3 624597330
346934 8 862647641
91086 10 440480163
318684 4 137405094
2 18 2
27618 7 220700359
500000000 1000000000 387420489
329297 4 463714780
500 536870911 1
1 2 387420489
500000000 500 2
18 2 536870912
624723 2 996123920
2 536870912 1000000000
18 500 1
387420489 1000000000 536870912
1000000000 3 536870911
100093 6 162513996
82716 4 113802903
337702 5 951572393
3 2 500
933487 7 47375092
536870912 2 536870912
810156 6 239622293
3 536870912 387420489
2 18 3
461048 5 707303631
285141 9 223974819
536870911 536870912 387420489
500000000 500000000 3
18 3 387420489
203802 2 697007587
590819 8 892361744
500 387420488 3
500000000 3 536870911
536870911 387420489 18
500000000 500 500000000
387420488 387420488 387420488
500000000 1000000000 1
387420488 500000000 3
367440 8 984141108
13885 2 277714541
2 500000000 536870912
166254 3 591967883
451842 6 411185334
387420488 387420488 1000000000
500 500000000 1000000000
3 18 536870912
2 18 500000000
536870912 2 500
18 500 536870912
18 3 2
18 536870911 1
880184 6 293354460
387420489 500000000 387420489
387420488 18 536870912
3 387420489 1000000000
500000000 2 1
536870912 3 18
1000000000 536870912 536870911
587983 9 430637834
387420488 500000000 1
18 387420488 387420489
1 18 500000000
500 500 387420488
536870912 500000000 500
1 500 1000000000
534127 8 198209837
300872 2 135652532
1000000000 387420489 18
449184 2 451921230
94692 9 519726512
536870911 536870912 2
500 500000000 387420489
1000000000 1000000000 500000000
275131 10 739303813
827916 2 762793620
500000000 536870912 1
2 3 536870911
935808 7 7248964
500 3 1
18 18 1000000000
856270 6 444613538
387420488 3 18
959574 8 609679854
223349 2 688711854
3 500 536870911
536870912 2 1000000000
522314 2 937584941
667216 4 867956169
536870912 1000000000 3
500000000 1000000000 536870911
18 536870911 536870911
1000000000 387420488 1
607605 5 729374856
1 536870912 1000000000
1 18 536870912
9838 10 244413612
3 500000000 500
387420489 500 536870911
854512 6 849151470
536870911 2 387420489
1000000000 500 536870911
500000000 387420488 536870911
744769 9 160990814
500 536870911 387420488
536870911 500000000 387420489
500 536870912 536870911
387420489 18 536870912
707351 5 451514850
536870912 500000000 3
763672 4 708652405
387420488 536870911 500000000
500 387420489 1000000000
536870912 536870912 536870912
387420488 3 536870912
18345 9 320401315
177035 7 953267929
3 500 536870912
762231 6 380691801
121603 7 704007158
387420489 3 387420489
536870911 1000000000 3
387420489 536870911 536870912
1 1000000000 536870912
268422 4 333821225
500 536870912 1000000000
443927 4 385582152
1 3 1000000000
3 1000000000 387420489
1000000000 536870911 387420488
1 500000000 536870912
500000000 2 500000000
8274 3 487154618
387420488 536870912 387420488
387420489 3 1
500000000 500 1000000000
400522 6 345696107
566999 7 564561261
942738 7 732091833
913541 6 4746906
623421 7 676669888
58753 3 322253929
387420489 387420488 1
617028 7 452486937
409971 3 31977621
885475 10 233433725
434506 4 438380475
500 2 3
1000000000 536870912 18
1000000000 387420489 536870911
500000000 1000000000 387420488
387420488 1000000000 1
2 500 536870911
626837 4 910427031
551471 10 390099142
18 18 18
5329 10 614792718
801019 9 686386906
1 500000000 500
500 500000000 3
500 2 1000000000
736493 8 791944557
493596 8 724904779
500000000 2 387420489
34037 2 579444918
583203 3 958269314
700622 8 650742944
536991 2 103926830
128023 4 570716659
500000000 536870912 1000000000
1 3 387420488
387420488 18 500000000
387420489 2 3
3 387420489 3
96607 8 267331343
486985 5 93591683
1 1000000000 500
1 387420489 536870912
536870911 3 536870912
2 3 1
133103 9 266966467
1 2 1000000000
2 387420488 3
82789 10 141977020
500 536870911 536870911
5003 9 548620598
536870911 536870912 3
827471 6 465592668
2 500000000 1
910136 7 383911295
18 500 2
387420488 18 387420489
387420488 18 387420488
98311 5 133887957
373552 7 948059304
500 2 1
387420489 387420488 536870912
637728 9 268071536
392402 5 124617645
387420488 387420488 500
500 18 1
1000000000 387420488 3
486054 8 967620364
387420488 387420488 500000000
500 2 500000000
387420489 500000000 1000000000
387420489 18 18
1000000000 18 2
949665 4 288027597
18 500000000 1000000000
18 1000000000 500000000
500 387420488 500
1000000000 387420489 1000000000
973077 5 852026807
140800 10 407618707
752188 5 848749695
500000000 500 18
854494 4 714876121
738044 10 592294825
23417 2 265688273
500000000 18 2
18 536870911 500000000
387420489 536870911 1000000000
115326 7 152816941
746316 4 766187698
1000000000 536870911 387420489
536870911 18 387420489
387420488 536870912 387420489
227488 10 639319178
536870911 18 1
562388 3 598692346
194547 8 477041516
190866 7 770404778
536870911 1000000000 387420489
1 500000000 3
3 500000000 3
536870911 387420488 500000000
939218 7 456649683
2 536870912 3
18 387420488 1000000000
255501 3 682853875
172096 8 552264091
500 3 387420489
500 3 387420488
387420489 500 3
536870911 3 387420488
3 18 3
2 1000000000 1
500 500 500
500 536870912 536870912
17879 4 779004630
870384 6 689914928
536870912 536870912 3
397287 10 73794943
536870911 500 1000000000
974709 2 910465892
387420489 500 18
18 1000000000 536870911
387420488 2 1000000000
536870911 536870911 387420489
1 18 500
500 500 2
721656 8 244576596
387420489 387420489 3
453633 4 433614444
387420489 536870912 3
387420489 536870912 387420489
399020 2 517350276
500 2 387420488
848282 5 969414353
2 500 500000000
536870911 387420488 1000000000
2 500 18
348370 2 513596521
452080 3 679434957
387420489 536870912 18
773004 9 857953836
268148 9 824700922
1 3 18
716145 7 975314101
387420489 536870911 387420488
387420489 2 18
387420488 1000000000 387420488
536870912 2 2
536870911 500 500000000
387420488 500 3
387420488 1000000000 536870912
881602 2 306447104
774928 9 71117264
387420489 1000000000 3
3 18 387420488
504615 8 251095052
248605 10 512479258
1 387420488 1000000000
3 387420489 2
18 387420489 387420488
387420489 2 387420488
1 536870912 1
1 18 1000000000
387420488 387420489 500
500 500000000 387420488
853470 10 18119353
837517 5 346656001
387420489 536870912 536870912
273221 6 97553842
231223 7 395884604
536870912 18 1000000000
387420489 387420489 1
3 387420489 387420489
387420488 18 18
500 536870912 18
69860 4 391138616
522312 5 459468324
806788 7 397534848
1 387420488 387420489
68013 10 971056966
825315 2 949166006
387420488 536870912 500
387420488 500 536870912
317213 9 602380766
500000000 387420489 18
1 3 536870911
387420488 18 536870911
903790 8 123505216
1000000000 2 3
2 3 500
1 500000000 18
536870912 387420489 536870912
758246 8 459794162
911729 9 840496163
387420489 500 500
18 18 536870911
3 536870911 500000000
1000000000 18 1
260115 10 917126635
500000000 387420489 387420489
1 536870911 387420488
2 536870912 500000000
951859 7 39511760
978012 2 62036884
927531 9 274395533
861675 6 147800354
336515 9 398266260
387420489 387420489 387420488
3 536870911 387420488
335117 2 536672343
15483 3 537117124
18 536870912 1000000000
536870912 536870911 1
18 1000000000 3
550753 6 412357039
114209 4 826476462
2 500 536870912
426234 5 363786075
1000000000 536870911 500
18 536870911 500
536870911 18 536870912
809843 2 659516173
536870912 536870912 500000000
3238 7 186499670
2 387420488 500
536870911 536870911 500000000
387420489 536870911 500000000
18 387420488 536870911
3 536870912 3
387420489 500000000 2
1000000000 3 387420489
500000000 1000000000 3
500000000 1000000000 500
65637 8 466214523
200903 2 660167414
500000000 387420488 387420488
526473 5 902716685
387420488 500000000 18
500000000 536870912 536870911
541104 4 117220954
81159 9 409087717
952913 2 487913184
565307 7 361036393
18 500000000 536870911
500000000 387420489 3
2 500 1000000000
500 536870912 1
3 1000000000 536870912
387420488 18 1000000000
351717 10 649501203
536870912 18 500000000
74066 4 726449123
1000000000 1000000000 536870912
18 387420489 536870911
387420488 536870912 536870911
500 2 2
536870911 387420489 536870912
198757 10 677533087
1000000000 2 387420489
500000000 3 500000000
218330 2 273864761
500000000 500000000 18
3 536870911 18
387420489 500 387420488
500 18 536870911
536870911 2 536870911
3 1000000000 3
82974 7 677177841
500 1000000000 500
3 18 500
1000000000 500 1
774878 4 731755083
400675 8 674995370
536870912 1000000000 18
18 387420488 536870912
679441 10 754885961
500000000 387420488 2
835671 6 640871516
1000000000 500000000 1000000000
1 2 1
387420488 500 387420488
165205 2 29817037
19630 3 961039211
160850 4 548852453
1 536870912 500000000
787614 2 20150644
387420488 500000000 536870911
500000000 536870912 2
500000000 500 536870911
536870911 18 387420488
3 2 1000000000
500000000 536870912 500
3 536870911 3
536870911 500000000 3
3 536870911 2
2 2 1
18 387420489 387420489
971705 10 602969981
1 500000000 536870911
569916 2 293764827
387420488 2 536870912
725062 10 968150349
720357 8 977960806
18 387420488 500000000
1 2 536870912
387420488 536870911 1
18 536870911 3
500 1000000000 387420489
536870911 500000000 500
3 2 536870912
18 387420489 536870912
500000000 500 3
780986 10 345112667
1000000000 1000000000 1000000000
425867 6 891900082
773591 3 389221589
2 387420488 1
124949 8 266791448
1 387420488 3
536870912 387420489 2
536870912 1000000000 1
2 1000000000 18
3 500000000 18
129032 2 335544174
934878 10 16100859
1000000000 2 2
184687 8 541254490
2 500 500
224339 2 637802236
387420489 500000000 536870911
3 536870911 387420489
2 536870911 3
536870912 18 536870912
1000000000 2 1000000000
500 387420488 2
605931 5 646920043
28879 4 641072055
18 500000000 3
3 387420488 2
387420489 18 536870911
875779 10 880848085
500000000 3 536870912
390473 8 634271930
27818 6 870325328
313056 2 832574678
1 536870912 500
500 536870911 18
388811 9 99843739
293816 3 404386231
18 18 2
127530 8 524813512
536870912 387420489 500
2 18 1
2 3 387420489
980035 5 445627727
387420489 500000000 500
500 500 536870911
261877 9 571438158
1000000000 500000000 500
1000000000 500 3
563084 5 631616834
436806 10 61851379
773380 7 134209415
217652 2 307016957
500000000 2 3
265711 9 181388496
225382 10 962929622
536870911 387420488 387420489
18 1000000000 387420488
994948 2 332921297
1000000000 500000000 500000000
563955 3 946890228
168218 9 702632996
536870911 2 500
815570 7 31642915
1 3 3
536870912 500000000 387420488
2 536870912 536870912
1 500 1
1 500 387420489
753806 10 138673418
796352 7 678475370
3 387420488 500
500 536870912 387420488
562449 7 845330963
555862 6 644611379
245185 3 884738614
1000000000 18 387420489
1000000000 536870911 2
1 500 387420488
3 536870912 500000000
500 536870911 500
536870911 500000000 18
2 536870911 387420488
387420489 1000000000 500
1000000000 536870911 1000000000
472905 9 831123624
536870912 2 536870911
18 2 2
1000000000 387420489 2
848128 4 27960174
18 3 500
536870911 2 2
255873 2 250009553
536870912 387420489 18
536870912 536870911 2
482159 3 349937891
536870911 3 1
387420488 387420488 18
500 18 500000000
500000000 500 387420489
232053 10 637609741
714683 6 967121427
500 536870911 1000000000
767366 5 261878640
536870912 3 3
18 387420489 3
211187 3 75517721
285784 7 878478120
1 500000000 1000000000
24694 7 852175303
536870912 18 536870911
536870911 500000000 2
18 2 1000000000
244916 5 284964013
387420489 3 536870911
500000000 500 1
1000000000 3 2
500 536870912 3
500 1000000000 1000000000
207710 8 475321308
387420488 500000000 2
536870912 1000000000 387420489
500000000 18 3
1000000000 18 387420488
500000000 387420488 500000000
500 18 2
3 387420488 536870912
536870911 387420488 2
500000000 387420489 500
3 500 500000000
3 387420488 1
18 2 500000000
2 387420488 387420488
536870912 387420488 2
500 387420488 1
1000000000 387420488 387420488
18 536870911 1000000000
500 1000000000 3
3 2 1
1 536870911 2
902484 6 152003218
1 18 1
839258 10 736065138
2 18 387420488
132374 4 372611370
18 18 387420489
3 18 1000000000
172434 9 648066016
923427 3 630118585
829414 9 347277634
387420489 2 2
500 18 387420488
500000000 18 536870911
1000000000 1000000000 387420488
612693 10 321045880
387420488 2 18
387420488 1000000000 2
2 2 1000000000
704784 9 538597557
731782 7 595428576
503927 2 71577452
88217 6 34877188
590369 5 107054041
567455 10 920262295
275415 10 773872061
605450 7 484358020
536870911 1000000000 2
18 500 536870911
65932 10 12569023
72598 3 703317468
500000000 387420488 1
165310 4 409693540
18 387420488 18
18 500 3
274697 4 397519456
1000000000 536870911 1
536870911 536870912 500
1 1000000000 2
500 387420489 1
387420489 500 387420489
604027 4 849482697
942594 10 432377747
84098 6 367132360
536870911 1000000000 500
59919 3 655351011
371258 4 936254302
902671 4 562703922
321185 5 500554977
301087 5 654794337
188914 6 368266430
500000000 387420488 387420489
620875 3 318535121
500 536870911 536870912
387420488 1000000000 18
404969 4 938128379
387420489 536870911 536870911
1000000000 18 500000000
105563 10 956621981
1 2 18
1000000000 536870912 3
387420488 536870912 1
18 1000000000 1
387420488 536870912 18
281963 8 933326630
500000000 387420489 536870912
500 500 3
38349 10 855322733
387420488 3 387420488
456273 7 808293199
941121 2 483109375
96423 5 942982168
18 500000000 387420489
2 3 1000000000
500000000 18 536870912
90614 10 79578291
419366 6 635276239
123583 4 730533317
2 500000000 500
18 536870911 2
1000000000 536870912 500
955713 10 981830408
500000000 500000000 1
500 500 1
1 536870911 536870912
133445 7 802338696
341393 5 191860332
387420488 1000000000 500000000
2886 10 213450094
500 3 536870911
611440 6 993449970
953567 7 489584395
462521 4 58093292
198124 9 187375213
501286 10 933351853
387420488 536870911 387420489
448908 9 754337233
958116 3 603826653
228844 2 365675747
964957 2 488842807
500 387420489 500
1 1000000000 1
508928 5 834119642
500000000 536870912 3
387420488 536870912 500000000
917369 2 795565854
2 2 387420488
500000000 536870911 1
387420489 2 536870911
405069 7 334469435
2 536870912 387420489
3 500 18
733368 3 608961144
481053 9 169090541
18 3 536870912
1 387420488 387420488
196313 5 329374521
720679 10 538001478
500 500000000 2
536870911 1000000000 1
945620 6 890030003
500 3 500
1 536870911 500
536870912 1000000000 500
926511 5 554681146
639491 10 409626683
309389 7 703851400
155772 9 948613048
753133 6 169079771
500000000 3 1000000000
738225 2 5778813
1000000000 387420489 1
536870912 536870911 536870911
557791 9 58405403
225333 3 37396038
1000000000 3 536870912
3 387420489 536870912
500000000 387420488 3
500000000 500 536870912
3 2 3
661573 8 367357954
500000000 3 387420488
18 536870912 536870912
387420489 2 1
744816 7 645035367
18 18 1
439420 9 938075823
453729 2 568194850
344241 7 304254767
642169 6 687496851
92228 6 337755242
3 500000000 536870911
1 500 536870912
277557 7 545568301
536870911 18 2
2 387420488 18
737149 10 748232388
528625 5 920844199
1000000000 387420489 536870912
387420488 387420489 387420489
536870911 500 536870912
2 387420489 387420488
500 1000000000 536870912
387420488 387420489 2
729785 5 332348553
868295 10 951824189
536870911 387420489 1
500 2 536870912
118587 2 443095298
2 1000000000 1000000000
173978 8 724438250
387420489 536870911 1
387420489 500 536870912
482575 8 155194290
483822 4 477390012
3 536870911 1000000000
2 500 3
500000000 500000000 387420488
536870912 500000000 500000000
536870912 3 387420488
878891 3 154726464
520839 4 332101052
940965 8 457338767
536870912 387420489 387420488
500000000 387420488 536870912
1 387420489 387420488
2 500000000 500000000
181637 2 481214160
677976 3 837420377
500000000 536870911 1000000000
3 387420488 536870911
735218 10 747451791
500000000 2 18
500000000 536870912 387420488
2 387420489 2
325993 7 492089394
1 500000000 1
500 3 536870912
3 387420488 18
60966 2 461001009
724783 2 414947558
2 500 1
265854 9 901175535
3 536870912 387420488
803023 3 332572825
1000000000 18 1000000000
536870912 536870912 500
404234 3 958580243
387420489 536870912 500000000
500 18 536870912
2 387420489 3
387420489 387420489 18
2 387420489 536870912
62829 6 588389225
518509 3 273180158
387420489 536870912 500
7615 2 821444278
387420489 3 536870912
1 1000000000 3
953457 5 952683298
387420489 18 3
46291 7 402915777
825710 4 763528745
3 387420488 387420489
830323 2 858416660
536870912 536870911 387420489
199521 4 808019816
2 2 500000000
387420489 536870912 2
536870911 500 387420488
797818 4 524993039
387420488 2 1
728651 8 442558004
387420488 2 3
612831 3 430057783
536870911 18 500000000
19748 4 345445870
2 536870912 536870911
850434 5 418713571
387420489 536870912 536870911
136180 8 743251500
2 536870911 2
334016 9 84261411
2 536870912 2
387420489 3 18
1 1000000000 500000000
3 500 3
901129 3 573483621
878134 5 761742560
436148 10 829454324
387420489 1000000000 500000000
1000000000 3 3
1000000000 387420489 387420488
384204 2 295822675
387420488 536870911 536870912
102337 9 824671533
884213 5 449205344
973651 8 915548038
536870911 536870912 18
3 536870912 1
193819 2 915363969
817388 9 610858289
397064 6 455826477
387420488 500000000 500000000
387420489 536870911 387420489
500 387420488 18
3 18 18
108710 2 378565463
583065 6 208316842
2 3 387420488
500 500000000 18
500000000 2 1000000000
2 536870911 536870912
500000000 387420489 1000000000
387420489 500 1000000000
683033 10 946349524
690439 3 192019141
1 3 500
3 500000000 387420489
512005 6 877181262
1 387420488 18
536870912 500 1000000000
3 3 2
536870912 1000000000 536870911
500000000 387420488 18
500000000 500 500
564771 2 910739844
49168 3 531471611
424062 6 261372741
513845 7 172239253
1000000000 3 500
536870912 536870912 387420489
18 536870912 500000000
387420489 18 500000000
387420488 500 1
1000000000 387420489 500
3 500000000 387420488
500 2 536870911
536573 3 798729261
937566 5 348440987
536870911 18 18
3 500 1
1 387420489 536870911
3 500 500
387420488 387420488 387420489
721642 3 848126623
3 2 536870911
994548 3 321311108
536870911 3 2
1 500000000 387420488
500 18 3
420420 2 82587886
2 387420488 536870911
980995 4 278830915
536870911 500 3
18 2 500
809453 8 97532104
550252 4 287929646
2 536870912 500
387420488 3 500
789838 5 217130942
500 500000000 536870911
1000000000 536870912 1000000000
98718 7 452836398
1000000000 387420488 500
18 387420488 3
387420489 1000000000 1000000000
536870912 500 1
536870912 387420488 3
217371 5 666373249
1 500 3
500 1000000000 387420488
601201 3 868334295
324150 6 733938487
84976 10 893877560
308616 10 729250399
790047 7 478877700
908447 4 800084013
536870911 387420488 1
407258 5 604203793
3 500000000 1
2 500000000 387420488
387420489 1000000000 387420489
567498 2 589836191
509502 7 843971205
1 536870912 2
536870911 2 1000000000
813995 10 554382332
500 18 18
536870911 3 3
3 500000000 1000000000
317892 2 881197756
680817 10 298109411
1000000000 500 536870912
1 1000000000 18
64348 7 563716265
536870911 536870912 1
536870912 387420488 18
536870911 500000000 536870912
479807 3 889721159
1000000000 1000000000 3
458386 4 486978433
765162 2 16200409
1 500 18
536870911 536870912 1000000000
562982 3 247556423
2 536870911 536870911
23443 5 709251030
18 387420489 1
134875 10 524989523
387420489 1000000000 387420488
986146 6 882413164
536870911 500000000 387420488
26143 10 41418543
500000000 1000000000 500000000
1000000000 3 500000000
536870911 387420489 2
997617 3 562055014
387420488 500 2
500000000 387420489 2
387420488 3 2
500 2 18
282679 4 319772617
18737 10 130298695
2 3 2
18 536870912 2
295744 10 371995469
536870911 500000000 1
285339 2 637135610
408918 8 51413739
600007 3 563959574
1 18 3
1 387420489 387420489
897005 5 763352634
1 536870911 1
500 3 2
71679 6 615398060
3 3 387420488
387420489 536870912 1
443020 8 808739964
909187 2 511024382
346838 9 293108525
18 18 3
1 500 2
1 1000000000 387420489
818067 8 172631287
406085 4 708484443
625820 5 561980736
500 387420489 536870911
2 18 387420489
387420488 387420489 1
1000000000 536870911 500000000
921348 9 82782768
666763 8 381777978
536870912 3 500000000
1000000000 500000000 18
608046 3 625916375
387420489 387420488 18
1000000000 3 387420488
387420488 18 3
24153 9 20810613
787719 7 586414663
908257 9 75688455
500 3 18
857167 7 416580507
234444 7 421218834
387420488 500 500000000
2 500000000 18
985651 3 61706942
1000000000 18 536870912
500000000 18 18
299382 8 397071517
3 3 500
500000000 500000000 500
500000000 2 2
3 3 536870911
88547 4 273495225
2 387420488 500000000
455436 9 65417984
265826 9 131282789
770819 5 992245216
1 2 2
2 536870911 387420489
387420488 500000000 387420489
865878 5 507777885
18 500 500000000
1000000000 536870911 536870912
536870912 18 18
17558 2 786983465
387420488 1000000000 500
145208 9 201591913
500000000 536870912 387420489
920961 9 242098350
800154 9 162967240
415287 8 583365866
500000000 387420489 387420488
1 387420488 500000000
1 387420489 1000000000
2 2 387420489
1 500000000 387420489
1000000000 500000000 1
500000000 536870912 536870912
18 387420488 1
131140 7 537022868
91912 7 393702578
536870911 3 500000000
797759 3 809241190
295922 8 734598441
536870911 536870911 536870911
430201 7 166626245
500 500 18
151233 3 784677959
246594 2 229880376
387420489 500000000 387420488
387420489 18 1
387420489 2 1000000000
74184 8 76554885
500 536870912 500000000
536870911 500 2
3 18 387420489
536870912 3 536870911
45674 2 103423117
18 536870912 1
2 500 387420488
2 387420488 387420489
706993 10 615982389
103570 7 942408244
731554 9 25600484
500000000 536870911 2
1000000000 387420489 3
500000000 18 500
3 387420488 500000000
500000000 18 1
807957 8 140639823
3 536870912 536870912
421970 3 284408439
198112 3 166739440
387420488 500000000 1000000000
830210 4 575753202
3 1000000000 500
13389 4 215252312
120435 7 732563882
387420489 387420489 2
291225 2 546789049
387420488 3 1
500000000 18 500000000
120645 10 148667991
404927 9 512922618
3 500000000 2
387420489 3 500000000
2 536870911 500
1000000000 387420488 536870911
18 3 18
297091 9 507770562
536870911 536870912 536870912
967825 8 320352091
500000000 536870911 3
743322 9 170623198
536870911 536870911 536870912
769329 3 728719739
897950 7 960106450
505167 10 996468266
69657 9 323945814
419329 10 93283678
760166 5 997453952
536870911 387420489 500000000
176448 8 52822982
1000000000 500000000 2
1 18 536870911
714901 6 815559001
500 500 500000000
767043 2 94771499
1000000000 500 1000000000
1000000000 387420488 1000000000
824350 5 215125874
536870912 387420489 536870911
1000000000 2 18
1000000000 387420488 18
913419 6 922937789
140847 2 118287668
18 536870911 536870912
536870912 500000000 387420489
536870911 3 536870911
2 2 536870912
18 536870912 3
18 387420489 18
536870911 387420489 536870911
387420489 18 387420488
387420489 3 500
1000000000 3 18
500000000 536870911 387420489
1 3 500000000
3 500 1000000000
736948 2 172020029
536870912 387420488 536870911
387420488 387420489 18
1 387420489 3
351091 7 528852499
3 18 500000000
536870912 3 1
3 536870912 1000000000
536870912 500 387420489
703463 4 518031615
536870911 500 500
536870912 536870912 536870911
69702 7 330975706
387420489 18 1000000000
1 3 536870912
1 18 18
500000000 387420489 1
911789 5 352189223
500000000 387420489 536870911
536870912 500000000 18
3 536870911 500
500 536870911 3
148899 2 588031657
455092 3 399062541
2 536870912 1
500000000 1000000000 2
354292 10 761729314
171554 6 461572194
536870911 1000000000 536870912
387420488 387420489 536870912
500 387420488 536870912
301916 3 237130705
387420488 500 536870911
504846 7 734836062
500 536870911 500000000
1 2 3
1 387420489 2
364227 4 753463563
730985 6 952674669
536870912 500000000 2
898391 2 339412148
1 536870912 387420488
387420489 1000000000 1
714479 8 994187828
536870911 3 1000000000
910057 4 567240896
536870911 387420489 3
536870912 18 387420489
1000000000 2 1
71514 9 313716454
3 18 1
18 2 536870911
1 3 2
860918 9 426273026
461454 6 583272034
18 18 500000000
500000000 3 500
814305 6 73685709
536870911 18 3
536870912 387420488 1000000000
500000000 2 500
141350 9 47697505
536870912 500 536870912
536870912 3 1000000000
536870911 500 1
536870911 2 1
1000000000 536870912 387420489
500000000 387420488 1000000000
751504 10 589263548
387420489 2 536870912
500 1000000000 1
387420489 500000000 18
1000000000 536870912 1
142557 8 102295143
500000000 500000000 536870911
29142 3 842013667
536870911 387420488 536870912
387420488 3 3
500000000 500 387420488
500000000 1000000000 18
2 500 2
17901 10 50702419
584935 9 63908172
536870911 536870911 500
781652 3 197050064
2 536870911 500000000
326300 6 907055316
387420489 3 3
500 500000000 1
3 1000000000 500000000
500 387420488 1000000000
536870912 500 500
1000000000 18 18
707379 9 160020141
500000000 500000000 1000000000
387420488 536870912 1000000000
453077 8 231953597
1 387420489 500000000
155599 9 795820990
333459 2 416573452
500 500 387420489
536870912 387420489 387420489
3 1000000000 1
689417 6 179917243
500 500 1000000000
387420489 536870911 2
536870911 536870911 1000000000
1000000000 387420489 387420489
536870911 387420488 3
749019 10 981465888
886904 7 778698461
1000000000 500000000 387420488
588514 10 139670454
500000000 536870912 500000000
500000000 3 2
245028 3 807660905
1 1000000000 387420488
354262 5 344002198
319049 6 15606492
240568 7 507939732
3 387420489 500
2 387420489 1000000000
648674 4 948526433
3 1000000000 536870911
933442 2 397292431
266325 8 56826501
536118 8 868096036
185682 9 634323514
500000000 387420488 500
170927 10 177248337
500 387420489 3
873503 5 833994747
387420489 387420489 500000000
699357 3 72894848
590845 5 241378042
1000000000 18 3
536870912 500 387420488
18 500 1000000000
500 387420489 387420489
536870911 536870911 18
18 536870912 387420489
500000000 1000000000 536870912
1000000000 500 18
867499 5 815864737
763310 4 859559037
2 1000000000 500
500000000 3 1
387420488 2 536870911
102739 7 497136292
829217 9 660705167
2 1000000000 536870912
2 500000000 387420489
500000000 500000000 500000000
865093 7 67144534
79854 5 921671949
387420489 500000000 536870912
406838 10 104038800
3 1000000000 18
797314 5 886298526
387420488 500000000 536870912
387420488 536870912 2
18 500000000 387420488
3 536870912 500
387420489 387420488 500
3 536870912 18
266500 2 702844977
31619 7 370401605
1 387420489 500
536870911 536870912 536870911
1000000000 387420488 387420489
3 536870911 536870911
535369 4 250750977
269676 9 875398468
387420488 536870911 500
231643 2 344510186
1 500 500
756515 10 282446939
313712 7 402058575
387420489 387420489 1000000000
936170 7 280126235
536870912 2 1
1 387420489 18
387420489 387420488 536870911
499713 5 316385803
387420489 387420488 3
387420488 387420489 387420488
526511 10 957198231
536870912 536870911 500
766237 6 641632309
877659 7 929004963
111732 4 369754140
2 3 536870912
668996 4 961176180
3 500000000 536870912
4186 6 201949631
1000000000 536870912 500000000
1 1000000000 536870911
828624 6 385845034
904178 4 450206163
2 500000000 3
146004 4 703457186
500 1000000000 500000000
3 387420488 387420488
385618 3 765416646
450460 10 540388342
773095 4 116801482
18 3 536870911
500 536870912 387420489
599044 10 117120790
18 500000000 18
3 3 387420489
536870911 500000000 536870911
536870911 2 3
3 387420489 18
387420488 500 1000000000
157400 10 656645589
536870911 1000000000 500000000
115081 2 708150806
669127 3 596694282
536870912 3 387420489
600847 7 804060342
536870912 500 3
574145 10 210015236
500000000 500000000 2
2 1000000000 536870911
387420489 387420488 1000000000
60072 3 974666739
900794 9 174429698
579137 7 265386840
491605 9 477177998
387420488 3 500000000
536870912 536870911 500000000
2 536870912 18
755841 3 535436519
536870911 387420489 387420488
18 500 387420488
536870912 500000000 536870911
3 1000000000 387420488
18 536870912 387420488
505351 7 374354789
732334 3 390464912
1 536870912 536870911
3 387420489 387420488
2 2 18
536870911 2 500000000
536870911 18 500
3 387420489 1
504194 9 609508632
473605 8 204295253
536870912 500 18
364223 4 904098508
1000000000 536870912 536870912
536870911 500 18
392347 8 836729849
536870912 500000000 1000000000
668118 3 721664917
648176 8 417494419
387420488 1000000000 3
576236 7 464949226
18 1000000000 500
3 18 2
727521 5 73651876
387420488 387420488 3
387420489 387420488 500000000
758544 6 47073788
191680 5 406326941
3 1000000000 2
469742 2 579888533
1000000000 536870911 536870911
387420488 387420489 3
184611 8 677457909
627830 8 102885692
1000000000 2 387420488
500 536870911 2
387420488 1000000000 536870911
18 2 1
536870911 387420489 387420489
1 536870911 387420489
167571 2 663344173
1000000000 2 500
709572 3 478666836
845253 9 107679302
871590 9 856173059
724766 4 441886186
387420489 536870911 18
536870912 18 3
18 387420489 2
26327 8 460084138
2 1000000000 2
1000000000 3 1000000000
536870911 500 387420489
387420489 387420489 500
1000000000 18 500
1000000000 1000000000 18
536870912 387420488 500
248887 7 156394091
872053 3 772224730
2 18 536870912
536870911 387420488 500
779486 4 241318803
160627 9 122175497
286966 2 571748821
534251 3 847786487
629653 4 117461297
867704 4 727357360
18 3 387420488
387420488 387420489 536870911
2 536870911 1
500000000 536870912 18
536870912 500 536870911
387420488 387420488 1
3 536870911 1
400362 7 801037594
49676 2 896050137
1000000000 1000000000 387420489
500 2 500
165432 8 523234136
18 2 387420488
387420488 387420488 536870912
18 3 1000000000
536870912 536870911 1000000000
18 2 18
1000000000 1000000000 2
723453 8 518553984
18 2 387420489
1000000000 387420488 500000000
18307 6 569293480
1000000000 387420488 536870912
1000000000 18 536870911
202822 9 718213201
387420488 2 2
3 500 2
203150 8 558645000
500 500000000 500000000
387420488 2 500
387420488 536870912 3
998304 4 914328020
2 500000000 536870911
500000000 536870911 500
895515 10 435151446
536870911 387420488 387420488
956586 8 557289975
65691 6 547786749
18 387420488 500
884955 4 337011332
852866 7 843122062
681973 2 674544597
733429 9 949996847
183032 9 958817155
536870912 500 2
3 387420488 3
387420489 387420488 387420488
493799 2 268250691
615160 10 709868548
18 536870912 536870911
387420489 500000000 500000000
231777 3 247871383
105384 7 393879029
500000000 2 536870911
536870911 536870911 3
1000000000 1000000000 536870911
387420488 500 387420489
2 387420488 1000000000
18 500000000 500
5341 3 781749181
157229 9 387215873
500 500 536870912
500 3 1000000000
387420489 387420489 387420489
395542 8 441481725
500000000 500000000 387420489
3 387420489 500000000
421491 6 751106405
536870912 18 1
387420488 536870911 1000000000
500 387420488 536870911
387420488 500 500
500 387420489 2
937544 2 221533671
1000000000 500000000 3
2 387420488 536870912
438118 7 51807503
2 387420489 500000000
61657 4 960429377
3 1000000000 1000000000
2 2 500
536870911 2 18
243279 3 629589814
558768 5 416511589
536870912 2 3
231227 8 468987463
446919 4 118233819
443087 9 87350659
387420489 18 2
1 18 387420489
1000000000 387420489 500000000
445427 7 515187625
500 1000000000 18
18 3 1
75181 8 857650428
2 18 18
1000000000 536870912 387420488
660227 3 14882055
882127 5 913129892
660912 8 450963393
704088 7 455015323
2 1000000000 500000000
500 387420488 500000000
585862 10 216740759
2 387420489 1
567731 3 629787901
1000000000 500000000 536870912
500 1000000000 2
591124 6 178201726
249830 9 353628722
413956 9 42606449
830467 2 708512857
3 3 1
536870912 1000000000 536870912
230383 6 284137214
500000000 18 387420488
18 500000000 2
387420488 536870911 18
536870912 387420488 500000000
387420488 536870911 536870911
536870911 536870912 500000000
536870911 3 500
985623 10 763312043
724965 8 469992161
1 18 2
3 500 387420488
387420488 536870911 3
18 387420489 1000000000
536870912 500000000 1
641994 10 396997954
155981 5 180253083
88254 10 778262794
3 387420489 536870911
18 18 500
2 387420489 536870911
500 1000000000 536870911
500 3 500000000
749323 8 498310403
387420489 536870912 387420488
669326 4 370266508
177017 9 854593537
422581 3 669708722
2 387420488 2
18 3 500000000
955892 5 623950440
1000000000 3 1
387420488 536870911 2
500000000 500000000 536870912
1 536870912 18
230146 3 850295330
387420488 3 387420489
954626 3 964107625
330235 7 37505539
732937 5 473406290
290923 6 403071087
387420489 1000000000 536870911
387420488 536870911 387420488
387420488 500 18
463524 6 687719867
387420489 18 387420489
387420488 1000000000 387420489
141442 8 516902641
810270 3 875365951
2 500000000 2
1 387420489 1
536870911 536870911 1
1 536870911 1000000000
387420488 2 387420488
669549 5 782008779
536870912 536870911 3
1 387420488 1
500000000 3 18
96743 5 23535225
387420489 536870912 1000000000
2 2 3
544661 7 370763614
536870911 536870911 387420488
102133 9 681707034
387420489 500 1
3 3 3
500 500000000 536870912
558287 8 60282453
536870912 387420489 1000000000
536870912 18 387420488
1000000000 536870911 3
500 387420489 536870912
2 387420489 500
287342 6 260058883
308578 3 825890471
180604 8 37926281
925196 3 718434711
18 1000000000 1000000000
2 536870911 1000000000
500 18 500
2 3 500000000
178896 2 882623649
387420488 387420488 2
826165 3 57220498
536870912 500 500000000
18 536870911 387420488
536078 10 959505823
427125 6 816231018
1000000000 500 500000000
134123 5 746079225
57661 9 419391994
1000000000 536870912 2
745115 6 812781444
500000000 536870911 18
858956 6 806239890
536870912 1000000000 1000000000
888372 9 859193793
554604 2 644113646
15765 9 642006498
43033 6 160832869
18 500 18
1 536870912 3
2 18 500
1 536870912 387420489
592280 5 756774169
891454 5 265011016
700720 8 388366382
536870912 536870911 536870912
109994 6 934496557
638993 4 966981044
1 18 387420488
3 2 18
282897 7 690100837
500000000 3 3
18 500000000 536870912
689567 7 361254106
536870911 2 387420488
536870912 387420488 387420488
1 536870911 3
2 500000000 1000000000
500 3 3
1000000000 2 536870911
387420488 500000000 500
536870912 387420489 500000000
404653 4 433962708
252707 8 283210608
83887 9 741924674
1 3 1
500000000 18 387420489
387420489 2 387420489
678820 10 867321710
1 387420488 2
807186 9 514745793
924470 3 872330794
924138 5 197317055
338608 9 564043829
3 3 500000000
236753 7 816810311
34889 9 177772422
52965 7 174018945
691339 9 212475578
536870912 536870912 387420488
536870912 536870911 387420488
536870911 2 536870912
536870911 500000000 1000000000
931483 2 753653643
387420489 387420489 536870911
819485 9 695571581
1000000000 1000000000 500
666017 6 329960426
500000000 1000000000 1000000000
1 2 500
731486 2 959939729
387420488 2 500000000
927702 6 83495636
387420489 3 1000000000
695894 4 623794723
1000000000 500 387420488
1 536870911 500000000
387420489 18 500
500 536870912 500
582321 10 341400080
579576 9 242834203
536870912 3 536870912
563188 4 755472770
536870911 1000000000 1000000000
315695 9 829388052
1 536870911 536870911
489815 5 788470387
940299 6 921532394
536870911 18 1000000000
2 2 536870911
536870912 536870911 18
251647 2 322963533
3 2 500000000
522240 10 300291166
18 536870912 500
536870911 1000000000 536870911
234481 7 777344223
275297 8 205855333
377404 10 28489656
392188 10 371743995
387420488 387420488 536870911
500 18 1000000000
528408 3 744970675
1000000000 2 500000000
23685 7 114661989
18 1000000000 2
387420488 3 536870911
1 2 387420488
536870912 387420488 387420489
1000000000 500 2
722907 8 544579080
229895 8 433148919
387420489 3 387420488
3 2 387420489
18 3 3
387420488 2 387420489
2 3 18
770067 10 767485691
536870912 1000000000 387420488
387420489 2 500
387420488 18 1
3 2 387420488
