2000
500 500 2
387420488 3 387420488
536870911 387420488 3
313467721 23 6125
18 18 536870911
1000000000 500 3
500 536870911 1
748798744 72 9704
1 1000000000 387420489
221775986 94 8833
536870912 387420489 3
387420489 536870911 1000000000
46551997 44 3135
387420489 500 500000000
275319921 88 4587
1 536870911 1000000000
367162801 32 1474
500 536870912 387420488
262909161 35 5719
500 387420488 387420489
500000000 1000000000 2
2 18 536870911
2 387420489 536870912
731448198 67 9761
536870912 536870912 2
647255742 97 4849
500000000 2 500000000
2 536870912 536870911
18 2 387420489
387420489 500 536870911
128102963 84 1457
536870912 536870911 1
500000000 500 2
387420488 18 500
860802242 17 962
2 3 536870912
18 3 3
18 387420488 536870911
643933039 65 5975
545265061 36 8469
536870912 3 500000000
500 387420488 2
387420488 536870911 1
674542140 52 1448
500 1000000000 387420489
1 500 387420488
536870912 536870911 500
387420488 500 536870912
497349840 67 9021
744504222 15 1982
500000000 536870911 500
536870912 536870911 1000000000
3 500 1
1000000000 536870911 2
703018454 25 1237
559597766 47 484
18 3 500
3180085 81 7802
500000000 500 1000000000
536870911 387420488 536870912
500 387420489 1
189809431 36 4402
532083369 82 8474
171974145 64 241
18 500000000 1000000000
1000000000 500 1000000000
821299336 72 8569
18 2 2
1000000000 2 1
637598135 82 9708
2 387420488 536870911
536870912 2 500
205588673 96 2134
536870911 500000000 1000000000
387420488 536870911 536870912
207197368 80 8223
2 500000000 536870911
3 1000000000 1
536870911 500 1
387420489 387420488 500
1 3 2
364918323 47 5795
363521571 74 8533
536870911 536870912 536870912
387420489 1000000000 387420488
1 3 1000000000
271671121 81 1468
1 18 18
341003510 92 3605
30447098 43 7707
500 18 500
500000000 536870912 536870912
664170195 38 4185
520801562 35 1259
387420488 387420488 18
924996640 89 40
1000000000 387420488 1
2 3 387420489
536870912 536870912 387420489
104635737 84 8770
387420489 387420489 387420489
1000000000 1000000000 3
387420489 500000000 1000000000
2 2 536870912
536870912 1000000000 536870911
82350517 30 4722
742759823 31 1684
2 536870911 536870912
18 500000000 1
1 387420489 18
440409324 8 7837
863035029 74 3878
864570035 41 1453
433560876 4 2028
500000000 536870912 18
1 500000000 2
536870911 500 387420488
123238960 19 9006
536870911 536870911 2
3 500000000 387420489
702402649 100 3559
884243058 34 1582
171253973 31 610
867906777 24 5439
387420489 387420488 1000000000
571920775 7 858
500000000 387420489 536870912
565770426 93 3805
536870912 536870912 1000000000
736228909 16 3818
387420488 500 18
2 1000000000 1000000000
500000000 3 536870912
309300678 51 4186
2 500000000 1000000000
397218988 75 6096
537865476 6 7965
536870912 2 18
594464766 67 415
536870912 387420489 1
629533357 94 1009
500 536870912 500
536870911 2 18
500 387420488 500000000
387420488 500000000 2
578847757 49 9834
1000000000 536870911 500
536870911 3 3
500 387420488 3
949159711 29 3109
387420488 536870912 387420488
477028745 55 512
536870912 500000000 536870911
823730461 43 2591
536870911 387420489 536870911
387420488 1000000000 500
2 536870911 1
758669592 67 7114
1000000000 500000000 500
419078555 86 1212
3 387420489 387420489
921101435 26 1170
500000000 536870911 3
128997050 27 6803
536870912 1000000000 536870912
751672400 13 7902
726194731 35 1830
610179430 90 8451
539691025 44 5788
769815699 21 4840
2 500 3
468628421 81 9884
2 1000000000 500000000
387420489 2 387420488
387420488 536870911 1000000000
500000000 500 18
536870911 500 1000000000
536870912 387420489 536870912
536870912 3 387420489
60014353 10 4798
1000000000 536870911 536870911
1 387420488 536870911
855679459 64 9577
280545531 70 1794
500000000 18 18
18 536870911 500
8795757 77 9449
18 387420489 3
211376279 37 2838
500 387420488 500
682543971 24 7607
18 500000000 387420489
387420488 387420488 500
387420489 1000000000 500
387420489 2 387420489
232785890 43 1506
1000000000 3 387420488
500000000 2 18
781810380 10 1153
558913139 63 3898
570313584 26 8610
554612485 77 7497
823812448 63 7575
387420489 500000000 1
536870912 500000000 1
536870911 387420489 3
868747855 86 2002
500 536870911 387420488
3 3 536870912
18930479 10 6926
2 500 500000000
536870912 3 1
369691600 20 8997
2 387420489 387420489
1000000000 1000000000 2
356580550 79 9043
387420488 1000000000 387420488
1000000000 500000000 536870911
6398576 58 9055
387420488 500000000 1
348724366 87 1979
638125557 34 3882
18 536870911 536870911
536870911 2 536870911
753519660 100 8890
2 1000000000 536870912
387420488 18 500000000
536870911 3 1
534732910 78 1555
1000000000 387420488 500
1000000000 1000000000 536870911
387420488 1000000000 1
500 18 387420489
1000000000 500 18
500 500000000 387420489
284752877 47 7901
387420488 387420488 536870912
3 18 18
500 387420489 536870912
337971500 74 8100
536870911 387420489 500000000
500 2 1
1000000000 500 2
472237169 99 6511
1 500 18
254840688 44 7068
387420489 536870911 2
1 387420489 2
67221386 47 4113
387420489 500000000 387420489
578092911 39 4896
500 1000000000 1000000000
1 387420489 3
18 536870912 1
387420489 18 536870911
235078601 37 1703
716401488 10 2107
203598171 97 6928
3 3 18
207805466 75 181
460316277 31 5735
500000000 1000000000 1000000000
18 2 3
500 536870912 2
383575866 26 2255
294791028 4 3192
536870911 1000000000 387420488
2 1000000000 18
1 3 500000000
500 2 500000000
500 3 3
704139520 68 7267
731315917 66 9007
73294584 67 5179
387420488 536870912 2
388971714 10 3914
639348686 37 3183
625766622 34 481
387420488 500 500000000
1 500000000 387420489
147743583 80 3249
360979612 41 7909
536870911 500 500
3 1000000000 18
476467053 75 6039
536870911 536870911 3
1 2 500000000
786885301 44 4178
2 2 1000000000
3 536870911 2
1000000000 2 2
121986724 74 1098
3 2 500
536870911 536870912 500
387420489 3 2
500000000 536870912 3
18 536870911 18
500169000 91 6442
2 1000000000 1
18 387420488 3
18 500 18
500 2 18
567824468 53 5136
916106845 2 633
714542854 32 1852
346824438 89 7670
1000000000 2 18
536870911 387420489 387420488
500 1000000000 536870912
387420489 536870911 387420489
608649412 13 8161
500000000 500000000 18
536870911 1000000000 536870911
2 3 387420488
536870911 18 1000000000
644335903 20 104
165694007 81 1932
473226786 29 1460
500 3 536870912
58362245 92 4693
2 536870912 500
387420488 387420488 1000000000
2 387420488 2
3 536870911 387420489
536870911 387420488 18
282695208 71 1450
536870912 500 2
638621564 63 2912
500000000 500000000 2
744512624 32 4608
18 536870912 2
226413265 90 3489
1000000000 3 2
830567132 2 7517
3 536870912 500
845867541 36 954
915992652 39 7759
1 500000000 3
536870911 18 387420489
997541581 44 4837
1 387420488 536870912
18 387420488 500000000
387420488 536870912 387420489
3 3 1
121451230 93 612
831374123 81 3082
173429376 28 8207
569232110 37 335
387420488 387420488 2
1 3 387420489
3 387420488 536870912
500000000 500000000 387420489
3 387420489 536870911
1 18 1
902944089 89 5075
439304048 100 3494
2 3 2
18 536870911 387420489
2 500 500
388071638 42 4545
2 1000000000 2
500 536870911 500
580603265 64 3583
500000000 500 536870911
500000000 536870912 2
500 18 1
500 1000000000 2
18 500 536870911
387420489 18 536870912
912336037 11 625
303622758 75 6265
387420489 2 500000000
729152690 48 7951
142726273 78 360
536870912 536870912 536870912
1 2 18
3 387420488 2
387420489 500 18
1 387420488 500
441100560 49 7523
962961107 76 4929
1000000000 2 500
387420489 387420489 536870911
500 387420488 387420488
387420489 2 2
948890132 93 8887
536870912 1000000000 2
387420489 536870911 536870912
387420488 387420489 1
500000000 3 536870911
316342208 66 7197
165725522 5 7306
387420489 387420489 536870912
387420489 2 18
507767060 55 909
387420489 387420488 1
572046627 60 1708
387420488 3 18
905327089 54 5723
143345212 4 3250
816909250 86 8616
467864550 87 3070
387420488 500000000 536870912
536870912 1000000000 387420489
387420488 18 2
18 387420489 1000000000
1000000000 387420489 18
505025566 54 9074
387420489 387420489 1000000000
3 387420488 3
3 1000000000 536870911
749607897 24 4624
18 387420488 536870912
253635602 20 2979
507473883 98 5084
536870912 2 2
202206024 57 2657
578941347 41 1601
1 500000000 500
3 387420489 500
536870912 500000000 18
536870912 1000000000 500000000
536870912 1000000000 18
689343329 77 4991
1000000000 387420488 18
343303775 38 5898
536870911 387420488 1000000000
3 3 500000000
519577886 29 7656
958545633 8 1198
387420489 536870911 18
488304322 82 5418
212415274 15 4472
765596078 28 5034
850773524 19 7606
387420489 2 536870912
18 500 387420489
756184152 97 8780
682743069 60 5503
165197558 32 9281
801198310 56 4719
884025033 62 6147
500000000 2 387420488
339034515 53 6953
1 387420489 500000000
764274505 99 3017
500000000 536870912 500000000
500000000 1000000000 1
508482723 81 7700
124896235 53 2072
387420489 1000000000 2
536870911 500000000 500
3 18 387420489
536870912 2 1000000000
3 2 536870911
107622025 99 7550
665400616 52 5574
500000000 387420488 18
666394162 84 9028
1000000000 3 3
1 1000000000 18
686724862 19 3565
891076680 53 9286
3 1000000000 1000000000
1000000000 18 1000000000
536870912 387420489 536870911
1 1000000000 3
500000000 18 536870911
536870911 3 387420488
536870912 536870911 3
387420488 2 1
1 536870912 1
536870912 500 387420489
429554457 72 3724
1 2 387420489
3 500 387420489
854083824 91 5628
371215138 39 1482
500000000 500 1
188332913 37 3306
437260849 11 3813
322004921 56 9538
725826603 77 4839
384277854 55 7828
831235952 73 7489
176476752 29 1736
308989506 90 992
376101976 2 5610
355590847 98 5432
57700163 87 7307
98592525 79 5009
1000000000 536870911 18
797526753 83 6990
18 18 3
83877636 13 8143
3 18 500
926449642 3 6367
500000000 1000000000 536870911
892766046 100 6394
500000000 500 3
376361469 92 5606
387420489 536870912 387420489
500000000 387420489 536870911
2 536870912 3
18 500 500
3 2 387420488
500 536870911 1000000000
1000000000 536870912 500
956787723 86 7622
500000000 387420488 387420488
650842864 39 3165
2 387420488 1
2 18 1
2 18 1000000000
459647753 92 7029
500 2 387420489
351425371 20 9396
658620491 99 5247
161672137 3 7875
1000000000 536870912 536870912
387420489 3 3
404639846 85 2466
751513215 17 8290
806224240 12 8883
3 536870911 536870911
668264429 70 6655
497094874 90 7956
321911568 53 2125
18 18 387420489
151565718 96 3100
387420489 18 2
688872598 40 1486
1 18 1000000000
500 1000000000 18
500000000 3 18
128756955 61 5047
964385681 21 5630
500 3 18
1000000000 3 18
536870911 2 500000000
1000000000 18 387420489
387420488 2 387420489
18 500 3
780302204 52 611
1000000000 387420488 387420488
2 536870912 1000000000
563570167 23 2190
3 536870912 3
689253363 44 211
500000000 536870911 387420489
387420488 18 536870912
708594792 92 2642
500000000 536870912 387420488
542980818 38 6531
553411492 37 4803
594714499 57 8992
387420489 500000000 536870911
768276173 48 7537
536870911 2 536870912
500 500000000 536870911
1000000000 536870912 536870911
536870911 536870912 387420488
18 3 536870912
500 3 500
643475087 66 8178
500000000 387420488 3
536870911 500 500000000
387420489 18 500
1000000000 1000000000 1000000000
185531006 51 2313
3 500 1000000000
813662490 48 6380
128097536 99 1254
760449806 46 9364
1000000000 387420489 1
536870911 18 18
536870912 3 387420488
3 536870912 536870911
1000000000 1000000000 536870912
60618592 93 5189
3 2 2
1000000000 536870912 1000000000
387420489 1000000000 536870911
509499221 78 9049
3 3 387420489
500 500 387420489
1 536870911 536870911
706909320 49 948
536870912 387420489 2
694912480 77 1591
500000000 1000000000 18
387420489 3 387420489
358621610 87 2519
387420489 536870912 2
376963113 64 7380
133915905 62 3312
500 387420488 536870912
1000000000 2 500000000
1 387420489 536870912
778305287 16 3114
163605429 89 859
1 536870911 500000000
2 387420489 18
1000000000 500000000 1000000000
115212472 48 2582
9913009 37 7492
387420488 387420489 2
536870911 387420489 18
1 500 3
848912927 34 7722
1000000000 1000000000 500000000
387420488 500000000 387420488
500000000 1000000000 536870912
500 387420489 3
491470451 20 6390
377539172 84 9057
2 3 500000000
536870912 2 387420489
273414847 40 4243
3 1000000000 536870912
387420488 18 1000000000
417720267 28 7552
536870912 500 500
3 536870912 536870912
536870911 387420488 387420489
89680327 10 3974
18 2 1000000000
536870912 387420489 1000000000
423925251 87 5970
955877813 59 3259
500000000 536870911 536870912
1000000000 387420488 1000000000
241702632 59 1648
264707348 50 5045
18 2 536870912
500 18 1000000000
387420489 2 1
2 387420489 387420488
160552361 10 5395
479723715 71 9373
225283560 76 4795
536870912 500 536870911
387420488 3 536870912
716910676 32 8645
480876139 10 9731
387420488 387420489 18
536870911 536870911 18
729663009 72 271
908905450 22 1525
147197177 46 4031
536870912 500 1000000000
947800255 15 279
1000000000 536870911 1
2 2 387420488
109688929 99 3705
563379160 30 3382
395645149 25 2284
500 500 387420488
18 500 2
387420489 536870911 536870911
500000000 500 387420488
387420488 387420489 387420488
536870911 500 536870912
536870912 387420488 536870911
1 500000000 1000000000
1000000000 536870912 3
589306116 48 4810
536870912 536870912 387420488
18 3 387420488
371212357 9 5792
536870911 536870912 1
474721075 51 6071
348252444 29 2227
319082666 50 2053
2 387420489 2
387420488 2 2
500000000 536870912 500
18 387420489 387420488
713918586 27 9786
303854335 92 2172
387420488 18 387420489
601194961 45 4999
27420149 19 1486
285592880 90 2116
500000000 500000000 387420488
966787573 29 2580
19205871 34 3645
387420489 536870912 3
752686202 82 7348
507821378 39 2268
387420489 536870911 387420488
536870912 387420488 500000000
18 536870911 3
1000000000 500000000 387420489
500000000 387420489 3
18 387420489 536870912
2 18 500
387420489 18 387420489
500 387420489 2
387420488 536870912 1
304164833 85 5894
441852405 38 7571
387420488 2 500
1 536870912 536870911
5561952 11 682
1000000000 3 1
500 536870911 2
282515344 78 6839
1000000000 18 536870911
940891815 50 8021
806618047 83 8693
387420488 500000000 18
387420488 3 500
500 387420489 18
345229113 16 4683
549178480 59 4603
536870912 536870912 536870911
360480878 45 2690
3 1000000000 387420488
500000000 387420488 536870912
471175831 71 9484
3 387420489 18
1000000000 1000000000 387420489
500000000 387420489 500000000
536870912 536870912 18
1000000000 387420489 536870911
1000000000 536870911 536870912
691967595 88 2296
387420489 536870911 500
2 500000000 1
18 387420488 387420488
371382914 37 677
387420489 500 1
384672716 41 1939
500000000 3 500
500000000 2 1000000000
718991499 15 1066
383551872 44 9229
91624626 6 1500
920195265 15 4284
3 18 536870911
1 536870912 18
2 500000000 2
2 2 500000000
3 1000000000 500
119733011 49 7284
500000000 536870911 2
3 500000000 387420488
269681284 60 1549
528279766 61 1276
1 387420489 536870911
1 536870912 3
715469348 69 5652
387420488 3 1
18 500000000 500000000
387420489 387420488 536870912
18 500000000 18
523012566 95 3178
3 536870912 1000000000
387420488 500000000 500
430688583 39 8774
3 1000000000 2
993315560 19 582
387420489 387420488 536870911
18 387420488 387420489
536870912 2 1
3 387420489 3
531360864 11 1463
500 500000000 1000000000
536870912 387420489 500
18 500000000 536870911
18 1000000000 387420488
1000000000 387420489 536870912
718882559 74 6444
536870911 387420489 1
1000000000 387420489 500000000
500000000 387420489 387420488
281611323 40 3494
536870911 500000000 536870911
933072438 71 1062
500 536870911 3
387420489 18 387420488
228323778 64 7267
552935989 73 3115
252243118 47 6645
18 536870911 1000000000
387420489 18 1000000000
519042577 6 8249
952773167 54 2330
387420488 18 3
536870911 18 536870911
250123476 75 1130
710705184 15 9397
342746750 35 1875
895768840 73 2088
115851110 22 2575
387420488 2 536870912
18 3 1
261921938 17 1228
500 387420488 536870911
713088311 65 4009
2 536870912 1
499763487 12 1403
2 536870911 387420489
536870911 536870911 536870911
997724743 57 5005
575328905 35 5795
18 387420488 1000000000
536870911 536870911 500
387420489 387420488 18
536276933 54 9864
472788116 78 3788
536870911 536870912 3
536870912 536870911 18
1 2 1
2 2 536870911
3 500 2
18 536870912 3
18 536870912 1000000000
536870912 387420489 18
387420488 536870911 2
689399192 5 8668
18 500000000 3
472621932 47 9456
500000000 500 500000000
500000000 387420488 536870911
1000000000 387420488 3
163915555 75 5954
408908905 78 3083
500 500000000 18
387420488 2 1000000000
18 387420489 1
18 1000000000 2
536870912 500 387420488
536870911 387420488 2
282723953 35 4434
916504587 99 9899
323253124 97 7390
18 18 536870912
500000000 536870911 387420488
861994352 45 9547
536870911 1000000000 2
1000000000 387420489 387420489
536870911 18 387420488
536870912 536870911 2
389133111 34 4219
387420488 536870911 536870911
1 2 3
536870911 2 3
387420489 1000000000 3
536870911 2 1
391975944 81 6062
832997629 90 9113
71284155 84 9849
387420488 536870912 500000000
92822437 99 2292
820514798 2 7309
669955316 17 5423
500 500 500000000
59633891 28 7602
18 2 500
387420489 387420489 2
387420488 2 3
536870912 500000000 387420488
50771331 34 4516
250619036 19 5629
388669251 5 4186
500000000 387420489 1
387420489 2 536870911
18 2 536870911
263986560 17 2582
446603778 88 7847
18 387420488 1
536870911 536870911 1000000000
387420489 500 387420489
341973620 69 6672
2 387420488 536870912
536870912 18 387420489
387420489 500000000 500000000
500 1000000000 387420488
175424419 22 8335
387420489 536870912 18
3 1000000000 500000000
387420489 500 2
18 536870912 500000000
500 500000000 2
539530751 88 3490
590821575 28 6697
623408307 63 9570
500000000 500000000 1
1 1000000000 1000000000
500000000 2 1
764594025 92 9276
500000000 536870911 500000000
500000000 536870911 1
1 3 536870911
387420488 536870912 1000000000
837974631 64 5567
391057102 71 2626
428537599 92 8460
536870911 18 536870912
536870912 18 1
387420488 2 387420488
387420488 500000000 1000000000
137407454 62 7889
355622886 89 7368
1000000000 536870912 18
112461380 37 3848
3 3 500
58727486 36 9480
686616804 52 1175
1000000000 536870912 387420489
500000000 1000000000 3
347639447 12 2342
536870912 18 2
536870912 18 536870912
402547604 88 5280
500 3 1
387420488 500 1000000000
536870912 387420489 387420488
1000000000 536870911 3
500000000 387420489 2
1 536870911 1
500000000 387420488 500
510228141 25 6743
1000000000 387420489 3
63615291 98 5494
963935572 94 4629
201758954 63 3484
500 500000000 1
388522569 8 7088
500000000 2 2
558036431 38 2769
622657061 15 2530
1 18 387420488
500000000 387420489 1000000000
869204275 65 3621
283299773 74 7855
738343104 64 9964
1 500000000 387420488
934679816 39 3602
500 387420489 387420488
500 3 1000000000
3 3 387420488
2 500000000 500
1000000000 387420489 500
502757303 72 9297
734194354 83 8225
1 387420488 18
387420489 500 3
2 387420489 536870911
18 387420488 2
745606124 78 6873
536870911 500000000 387420488
954137432 98 6836
3 2 1
3 500000000 2
500 2 1000000000
3 387420489 1
500000000 500000000 536870912
500 3 536870911
500000000 18 387420489
536870912 387420488 536870912
500000000 500000000 500
500000000 536870912 1000000000
3 500 18
387420488 387420488 500000000
500 536870912 500000000
387420488 500 1
4401024 55 5381
500000000 500000000 536870911
1 536870912 500000000
1 387420488 1000000000
3 387420489 536870912
18 2 1
982630777 3 9009
3 500000000 1
3 1000000000 3
865500955 91 4699
10630657 13 8081
3 387420489 1000000000
536870911 387420488 387420488
18 18 18
568219256 23 9937
227973857 17 3446
440389844 81 8865
830685872 36 95
821034312 5 8465
2 500 536870911
492561335 61 4848
556998494 14 5866
37891568 36 6545
387420489 536870911 3
731290924 32 4005
500 387420489 1000000000
536870911 387420489 387420489
494115932 90 6697
500 387420488 1
669451774 32 8966
2 500 536870912
536870911 2 2
18 387420489 18
112360315 15 2651
536870911 1000000000 1
1 387420489 1000000000
387420489 536870912 1000000000
387420488 387420488 1
536870912 18 500
204172681 90 6538
107875184 16 6706
826325816 51 8835
617763239 72 4157
3 536870911 500
492978595 57 7974
387420489 387420489 1
520198652 77 2009
1 387420489 500
178217943 63 494
746693367 90 6707
536870911 387420488 500000000
3 3 536870911
1 18 500
1 387420489 387420488
1 536870911 18
848841903 86 2456
621340517 95 4672
3 536870911 387420488
976954974 47 2276
994661877 56 1357
536870912 536870912 500
436354435 2 6861
500000000 1000000000 500000000
536870911 500 2
1 3 3
3 500 500
319129526 14 1252
3 500000000 18
180427949 63 8900
149100079 78 1528
774524890 33 687
3 387420488 387420488
536870911 1000000000 387420489
3 500 536870912
145332576 22 1392
387420489 500000000 536870912
387420489 500000000 387420488
331162140 3 5546
536870911 536870911 536870912
536870912 2 536870912
616556131 33 5039
334207483 69 6095
976615444 59 6537
567521495 32 1409
500 536870912 536870911
387420489 500 500
493285577 4 1919
636228291 50 3109
536870912 3 18
1 500000000 500000000
6142511 14 7452
851410713 70 7097
536870911 536870911 387420488
536870912 387420488 3
536870911 3 2
542301699 85 2579
717226598 32 6010
97083610 97 2820
858672694 64 6360
500000000 2 387420489
782054426 37 2912
3 536870912 387420488
500000000 18 3
1 1000000000 536870911
486716324 46 4486
536870911 18 2
1 536870912 387420488
2 387420488 500
106055562 43 6630
845153776 21 4772
174732396 52 4700
500000000 387420488 2
1 500000000 18
1 536870912 2
184904138 23 2264
536870911 500 3
519641203 36 2392
331583179 49 5904
387420489 1000000000 1000000000
217119512 46 6790
3 18 536870912
500000000 500000000 500000000
1 18 536870912
3 18 500000000
93033879 23 9950
387420489 18 18
1000000000 18 3
500000000 500000000 3
387420489 3 1
18 387420489 387420489
1000000000 500 387420489
536870912 3 536870912
387420488 536870911 387420488
3 500000000 3
349043738 47 5814
294969571 6 5469
337036590 33 8383
18 1000000000 500000000
387420488 500 2
246123991 49 8006
13978731 22 2560
1 3 1
387420489 2 500
2 536870912 536870912
251489373 92 8925
500000000 500 387420489
587465343 64 8106
387420488 536870912 3
665808442 95 1101
500000000 2 500
3 536870911 1
500000000 3 1
985836526 8 7344
96536295 72 4895
500000000 536870912 387420489
193047586 56 4961
734211170 16 8778
500 1000000000 500
387420489 18 1
500000000 18 500
643009640 65 7175
517906099 15 3539
1 500000000 536870911
474680134 6 5130
143016111 51 3602
387420489 387420489 500
595424117 89 9298
732153236 84 5169
441651117 73 3866
267211718 43 2193
500000000 2 536870911
3 18 1000000000
3 536870911 18
3 3 2
138873843 39 8238
387420488 536870912 18
636709348 63 4159
3 1000000000 387420489
387420489 3 536870911
464537958 46 5974
1000000000 536870911 1000000000
536870911 2 500
165720781 16 1823
954038905 40 2969
1000000000 1000000000 387420488
387420489 387420489 387420488
18 536870912 18
18 3 387420489
500 500 18
500000000 536870911 18
1000000000 536870911 387420489
2 3 1
370406103 24 7655
536870911 536870911 387420489
387420489 500 387420488
1000000000 3 387420489
18 536870911 387420488
500 18 536870911
215351408 88 3731
500 536870912 1
722130753 51 5588
18 18 500000000
18 1000000000 18
990655428 29 3449
536870911 1000000000 500
416431281 33 7965
500 2 536870911
387420488 536870911 18
500000000 387420488 387420489
3 2 18
643242387 42 3606
387420488 536870911 500
547648923 12 6154
282603652 48 1700
536870912 387420488 18
500000000 3 2
642056482 43 8974
1 2 500
637604883 54 8090
146223058 29 1090
388914857 97 852
2 3 500
500 500 3
3 18 387420488
3 3 1000000000
1000000000 500 536870911
528994246 23 4911
362753046 9 1014
771012640 14 5565
400908556 19 2881
18 18 500
18 500 1
991208186 23 7834
757233121 93 2512
500 3 500000000
536870912 500000000 1000000000
18 387420489 500000000
536870912 1000000000 500
500 500000000 387420488
32520321 6 4471
87309989 17 1355
417491707 88 6527
536870911 500 387420489
536870912 387420488 2
2 1000000000 387420488
536870912 500000000 500000000
536870911 500000000 3
536870912 3 500
387420489 1000000000 18
397648108 51 8146
918629554 60 2557
391408030 52 9256
31071677 73 2248
18 536870911 500000000
819420065 44 3641
536870911 387420488 536870911
3 536870912 18
387420489 536870912 500000000
536870911 3 387420489
2 387420488 18
922229631 65 7193
391025833 54 2772
500000000 1000000000 387420488
988242835 91 8032
144357232 53 1965
257790177 14 5933
536870911 536870912 500000000
1000000000 500 500
659166976 22 4584
618079037 23 5246
1 18 500000000
387420489 500000000 3
1000000000 2 536870911
1 2 2
500000000 387420489 387420489
500000000 3 387420489
901251931 56 2980
1 536870911 3
805382590 21 8175
387420488 3 500000000
1 387420488 387420488
500 536870911 18
387420489 536870911 500000000
500 2 387420488
416536291 10 2655
387420488 500 387420489
387420489 3 1000000000
1 536870911 387420488
1000000000 500000000 3
536870912 18 3
536870912 536870911 387420488
822897204 51 7095
699192242 24 4707
971745903 27 3914
536870912 1000000000 387420488
3 2 3
2 18 2
451452188 70 5256
424513675 84 2080
79171215 85 9897
387420488 500 387420488
3 18 2
500 500 1
171211039 29 8040
387420488 1000000000 387420489
18 3 2
387420489 3 500
3 18 1
1 387420488 1
387420488 2 500000000
125920232 37 2934
536870912 18 387420488
500 536870911 387420489
416223700 25 9875
931188262 22 5527
500 18 3
561200283 92 8554
2 500000000 3
83247499 82 4237
124595045 99 1607
536870912 536870911 536870912
389090780 94 4895
1 2 387420488
500000000 2 536870912
536870911 536870912 1000000000
2 387420488 387420488
1 536870912 387420489
536870911 536870911 500000000
3 500 536870911
256012264 33 4749
536870911 1000000000 536870912
387420489 3 500000000
3 2 500000000
470616903 32 8058
205627086 46 430
221147275 8 50
641510682 86 5506
875590384 74 3240
18 1000000000 1000000000
931281014 85 7259
412794412 91 5630
697819146 81 5316
458909121 3 8180
691696255 18 3358
18 536870911 1
1000000000 2 3
587212301 41 135
500 536870912 18
1000000000 2 536870912
1000000000 536870911 500000000
1000000000 1000000000 1
908450663 89 3013
832715343 58 7877
898022018 41 5018
899092618 40 3008
892965960 22 1203
387420488 387420488 387420488
3 387420489 387420488
500 500 536870912
2 387420489 3
673057080 34 6158
18 536870912 500
536870912 536870911 536870911
407552114 32 4203
1 500000000 1
989403284 12 3578
187382028 57 2899
155340680 61 9930
536870911 3 1000000000
387420488 18 18
536870912 500 3
8809887 82 1425
536870912 3 2
387420489 536870912 500
387420489 500 536870912
200179248 50 940
1000000000 18 500
18 536870912 536870912
983847674 80 6239
710151683 55 6890
536870911 500000000 500000000
1000000000 500000000 387420488
42788824 67 6158
348348256 25 4714
536870911 387420489 500
1 536870911 500
588475125 30 7970
176709100 50 6661
546665858 49 795
1000000000 500000000 2
956786504 13 3360
536870912 3 3
387420488 500000000 3
406770069 59 5485
536870911 536870912 2
3 387420488 387420489
2 18 18
575675630 19 2104
797058567 97 2633
536870911 3 536870911
536870911 387420488 500
202548763 43 6942
387420488 500 536870911
373777046 86 2424
327489140 91 5189
990058885 58 7311
3 18 3
793900098 33 2088
18 387420489 536870911
1 3 500
613359317 84 4990
568987907 81 1412
18 1000000000 500
914166420 28 2197
387420488 387420489 500
387420489 387420488 3
536870911 387420488 1
500 500 536870911
500000000 1000000000 500
18 500 1000000000
18 536870912 387420488
1000000000 500000000 1
429975110 49 7546
500 1000000000 500000000
31856724 36 7148
18 3 500000000
536870912 500 1
696803606 73 883
536870912 18 536870911
689482541 71 2261
500 500000000 500000000
2 387420488 500000000
2 500000000 18
536870912 2 500000000
387420488 536870911 387420489
754915404 66 856
952384301 7 2531
2 536870911 18
40118927 4 1251
3 500 387420488
2 387420488 1000000000
219263802 100 9604
387420489 2 3
387420488 387420489 536870912
500 18 536870912
1 536870911 536870912
500000000 387420489 500
536870911 18 500
578569454 66 6606
1 18 536870911
96097190 41 9303
463385743 91 7404
1000000000 3 500000000
1 500 536870912
500 18 18
786856353 23 8622
536870912 18 18
243787991 13 3891
536870911 536870912 18
1 536870912 1000000000
2 1000000000 500
126474653 31 2728
387420488 3 1000000000
536870911 2 387420489
5685754 97 1073
500 387420489 387420489
3 387420488 500000000
1000000000 500 500000000
500 2 536870912
3 500000000 536870912
302006007 49 8463
19656183 69 4635
536870911 500000000 18
500 18 387420488
1 500 1000000000
1000000000 3 500
536870911 2 1000000000
509131740 22 1552
969341817 27 4402
18 1000000000 536870911
387420488 387420489 500000000
18 3 1000000000
147928887 17 6964
18 536870912 387420489
536870911 3 18
646430048 39 8627
387420489 18 500000000
759987241 19 5523
239218454 23 2889
2 500 387420488
683645626 13 8734
536870912 500 500000000
826537441 64 2271
673304711 72 3464
500000000 18 536870912
18 500000000 387420488
387420489 536870912 387420488
387420489 387420488 500000000
536870911 1000000000 18
536870911 1000000000 500000000
41896186 74 4431
1000000000 387420488 536870912
387420489 536870912 536870911
1 500 500
179114570 36 6149
7440882 56 3512
387420489 500000000 500
645699209 45 6018
2 2 500
2 500 1
2 3 18
500000000 18 2
3 2 387420489
536870911 500000000 536870912
3 3 3
500 536870912 387420489
387420488 3 3
2 500000000 500000000
2 536870912 387420488
447976053 99 7150
500000000 3 500000000
18 500 387420488
1 500000000 536870912
536870912 500000000 500
1000000000 536870912 387420488
506025659 71 6753
387420489 1000000000 500000000
3 536870912 1
1000000000 387420489 2
1 387420488 387420489
387420488 1000000000 536870911
2 536870911 2
534069346 10 8021
387420488 18 1
2 2 387420489
120394884 99 8094
487171433 38 1236
946795360 28 8331
536870911 2 387420488
500 387420489 536870911
1000000000 536870912 1
1 387420488 500000000
2 2 1
1 387420489 387420489
536870912 2 3
858295027 22 4477
328534533 25 5906
2 387420488 3
740840957 38 2555
3 2 1000000000
387420489 18 3
1 18 387420489
905042281 43 9511
2 387420488 387420489
272861904 99 1483
387420489 536870912 536870912
338685417 76 5879
360814855 10 8247
2 500000000 387420489
2 500 2
387420488 536870912 536870911
536870912 500 536870912
754923478 69 5587
337341758 83 3390
379878921 22 8302
387420488 18 387420488
387420488 500000000 387420489
881736681 4 9049
387420488 500 3
610462790 11 7262
220720652 60 3230
387420488 1000000000 500000000
1000000000 18 2
536870911 3 536870912
387420489 500 1000000000
1000000000 500000000 536870912
500 387420489 500
536870912 3 536870911
394425879 60 5454
280016123 25 151
387420488 1000000000 18
1 536870912 500
1 1000000000 500
612691325 26 7672
589814056 92 6207
18 387420488 500
853781630 20 3031
387420489 3 536870912
1000000000 387420489 387420488
623121876 98 6745
205777059 29 9052
536870912 500000000 2
1 387420489 1
27634902 38 7076
540260240 18 8382
762039923 91 5570
609229145 31 5991
525728155 97 6087
453613864 36 2395
2 3 1000000000
1000000000 536870912 2
305016968 20 5463
2 536870912 2
500000000 18 387420488
475413680 99 1404
500000000 500 500
78162889 72 7823
536870912 1000000000 1000000000
18 3 18
2 536870911 387420488
1 536870911 2
500 536870912 1000000000
536870911 500000000 387420489
856602235 18 1990
500 3 387420488
108602302 17 745
40955395 76 7154
3 387420489 2
103626518 49 9489
712604736 3 4541
973172832 84 5719
136921865 2 1535
471601941 26 1274
536870912 387420488 1
500000000 387420488 1000000000
3 536870911 3
18 1000000000 387420489
3 536870912 500000000
3 500000000 500
822457526 12 8526
1 3 536870912
387420488 387420489 3
500000000 536870911 1000000000
304038449 34 5487
873270435 64 8033
42146279 79 8796
2 1000000000 3
1 500 387420489
482744851 2 8577
849027579 81 2783
256128457 3 9253
500000000 536870911 536870911
387420489 1000000000 387420489
536870912 2 536870911
387420488 1000000000 1000000000
2 536870911 3
536870911 1000000000 3
1 18 2
1000000000 500 536870912
536870912 387420488 1000000000
500 387420488 1000000000
560677722 64 25
628159214 92 489
728858903 36 4608
157184127 43 6727
18 536870912 536870911
932006597 9 9398
2 387420489 500
3044749 63 1848
387420488 387420488 387420489
991286234 66 9867
387420488 500000000 536870911
671047668 46 315
1000000000 18 18
190961042 48 6064
2 18 500000000
387420489 500000000 2
2 387420489 500000000
18 536870911 536870912
3 536870912 387420489
1000000000 18 387420488
304130341 72 8058
106750110 75 8324
500000000 500000000 1000000000
1 500 1
1 536870911 387420489
29762662 53 3055
387420489 387420488 2
609726960 7 5350
1 536870912 536870912
2 536870911 1000000000
1 500 536870911
920359772 41 1129
502300759 53 9362
500 1000000000 3
1 1000000000 387420488
854183970 59 8167
500000000 3 387420488
81158018 100 3411
500 3 387420489
177991946 76 8919
784227298 17 4910
500000000 387420489 18
2 2 18
529975143 42 3158
387420488 2 536870911
500 2 3
387420488 536870912 500
3 500000000 500000000
137638342 89 9479
3 500 500000000
18 500 536870912
2 536870911 500000000
384014789 70 7577
113897030 38 5620
111659984 86 1477
536870912 500000000 3
1 1000000000 500000000
467079285 96 5202
310842081 31 7784
1 1000000000 2
245159191 31 3180
18 387420489 2
2 536870911 500
944007444 33 6382
467048991 51 4736
1000000000 536870912 500000000
1 500 2
936870587 37 8876
536870911 18 500000000
315370131 22 1515
536870911 18 3
536870911 536870912 387420489
387420489 387420488 387420488
517294183 66 406
130386889 64 3090
500 1000000000 536870911
18 500000000 500
387420489 387420488 387420489
536870911 536870911 1
1000000000 500 1
387420488 2 18
536870911 387420489 1000000000
115838266 33 2552
2 387420489 1
2 500 1000000000
18 387420489 500
500000000 18 1
466189070 35 8178
3 387420488 1
387420488 3 2
918289251 30 6260
387420489 500000000 18
153047492 56 4675
107043424 48 8271
3 387420488 536870911
500 500 1000000000
1000000000 387420489 1000000000
387420489 1000000000 536870912
985691983 90 5763
14433879 17 6650
846346526 16 4544
880805338 91 8603
1 2 1000000000
18 1000000000 3
695661966 90 8779
536870911 500000000 2
2 1000000000 536870911
50818270 36 9500
520518265 68 8001
1 3 18
648800826 4 3758
716006729 33 6531
195176036 74 3004
581912002 100 6494
536870911 500 536870911
18 387420488 18
327415013 21 7421
840093810 57 3981
18 500000000 2
900405176 68 8282
536870911 1000000000 1000000000
1000000000 18 500000000
1000000000 500000000 18
696263794 50 2718
263427148 83 3082
559450750 97 5003
1000000000 1000000000 18
18 1000000000 1
500 387420489 500000000
536870912 1000000000 1
130039220 67 7452
831688926 74 1613
1000000000 2 387420488
387420488 18 536870911
1 1000000000 1
375003631 86 2788
756276393 47 2013
436446744 87 3859
1000000000 387420488 2
614110277 2 3420
980587976 17 4449
1000000000 1000000000 500
387420488 3 387420489
2 536870912 18
387420488 387420489 387420489
573996556 28 2105
617404385 53 958
500000000 18 1000000000
136719435 7 6377
536870912 18 500000000
809301563 68 8242
500 500000000 500
18 536870911 2
18 1000000000 536870912
536870912 500000000 387420489
500 536870912 536870912
500 18 500000000
870049574 65 5377
500 536870911 536870912
424895347 67 9494
536870912 536870912 1
2 536870911 536870911
2 500 387420489
500 18 2
387420488 3 536870911
500 500 500
482821029 25 6229
2 18 387420489
993822889 82 2771
10594471 26 9265
1 500 500000000
387420488 387420488 3
536870912 387420488 387420488
536870912 18 1000000000
845057929 68 6701
704974797 57 6799
3 500000000 1000000000
203779092 78 6125
536870911 500000000 1
126549456 23 1508
536870912 387420489 500000000
18 18 2
518034772 70 6057
3 387420489 500000000
524099205 93 8134
677531113 92 9720
65804635 19 4460
139109468 95 2638
639956630 53 9836
1000000000 18 1
366444085 85 8056
3 536870912 2
1000000000 2 1000000000
536870911 536870912 536870911
283718647 55 6011
536870911 387420489 2
387420489 387420489 500000000
3 2 536870912
199437965 51 2841
1 387420488 2
1 2 536870911
349593134 100 9829
2 2 2
688608896 25 8069
1 387420488 3
223524546 72 9380
3 536870911 500000000
387420488 536870911 3
3 500 3
261859195 7 6361
387420488 500000000 500000000
551995911 70 5407
3 387420488 18
536870912 500000000 536870912
1000000000 387420488 387420489
18 2 387420488
1 3 387420488
18 500 500000000
500000000 387420488 1
500 536870911 500000000
607969738 25 3413
536870912 536870911 387420489
387420489 1000000000 1
387420488 1000000000 2
1000000000 536870911 387420488
762060232 81 9782
378745907 89 8464
18 18 387420488
2 18 387420488
685383221 8 9639
96360754 99 9097
79923565 100 9323
536870912 536870912 3
2 3 3
548166177 40 662
546350379 99 803
536870912 2 387420488
962133638 33 3003
862598105 57 9480
95487217 97 202
500 500000000 3
500000000 387420488 500000000
9646124 64 5020
794778072 27 8676
46083383 6 2274
1 2 536870912
500 1000000000 1
18 500000000 536870912
1000000000 387420488 500000000
500000000 2 3
2 500000000 387420488
387420488 387420488 536870911
387420488 536870911 500000000
500000000 500 536870912
387420488 387420489 536870911
536870912 387420488 500
416206689 18 1992
387420489 387420489 3
500 536870912 3
918491309 19 2475
1 1000000000 536870912
387420488 1000000000 3
536870912 536870912 500000000
1000000000 500 387420488
82813850 67 6597
536870911 3 500000000
387420489 536870911 1
1000000000 3 1000000000
536870912 500 18
536870911 18 1
754013841 37 6039
184818761 99 1384
18 18 1
3 500000000 536870911
1000000000 387420488 536870911
2 18 3
609945200 68 2222
1000000000 3 536870911
297486208 21 9446
458763944 65 7798
500000000 1000000000 387420489
500000000 536870912 536870911
500 2 500
276781670 94 6227
607518290 70 7083
517169815 55 6214
425570497 38 6917
20766592 73 6583
203596931 73 6227
500 536870911 536870911
2 536870912 387420489
500 3 2
306690242 66 7929
723403197 52 2950
136581820 32 8595
2 500000000 536870912
18 2 18
387420489 536870912 1
31913345 36 1549
2 3 536870911
2 536870912 500000000
387420488 387420489 1000000000
3 536870911 536870912
500000000 3 3
536870912 387420489 387420489
3 387420488 1000000000
18 18 1000000000
432701179 87 6435
1000000000 3 536870912
954754277 10 748
176803578 45 1413
660669396 35 8838
595846569 66 7463
3 536870911 1000000000
838393010 80 9704
955480456 92 3556
722405662 8 6284
500000000 3 1000000000
18 2 500000000
337254758 85 8044
387420488 536870912 536870912
387420489 3 387420488
627983936 97 5994
754526307 65 3019
539872613 21 5771
1 18 3
838304933 95 8655
599040706 37 1755
204630302 31 8046
1000000000 2 387420489
352710169 20 4173
18 3 536870911
475312628 65 4338
536870911 387420489 536870912
387420489 3 18
266721337 6 4559
1000000000 18 536870912
426634705 65 3081
536870912 387420488 387420489
44193510 55 9382
773704536 21 1174
2 18 536870912
536870912 3 1000000000
205679210 10 3299
1000000000 500000000 500000000
387420489 387420489 18
689172042 91 2033
387420488 1000000000 536870912
387420489 2 1000000000
500 2 2
235941983 96 4753
431963744 99 546
387420488 500 500
2 1000000000 387420489
536870912 536870911 500000000
2 2 3
536870911 3 500
536870912 1000000000 3
805800863 33 7526
500 500000000 536870912
639199 70 3478
500 387420488 18
721813809 44 9142
202705579 96 1055
2 387420489 1000000000
453825230 39 4639
3 387420488 500
2 500 18
283889467 31 8872
243364020 60 3501
488584799 99 9490
956905945 9 3067
500000000 536870912 1
938994662 18 5521
190043968 43 2490
87740956 87 506
500000000 18 500000000
223154587 62 2248
536870911 500 18
341552185 34 9267
