14.962984074
16.509866850
16.895820786
16.122711836
18.030183220
16.962098739
17.154488155
13.851230280
15.998699990
16.654636341
16.642773874
13.103408994
15.616673559
18.273208520
17.436247072
13.802350498
15.647421045
16.725068977
17.397208195
18.046858021
14.373096748
16.012674449
17.762297629
16.582918367
17.237067366
4.017460317
17.247269105
18.129192927
13.495363130
12.285846443
17.513184106
15.984675515
16.397676853
13.923413408
17.911446876
9.038117513
7.589913602
2.333333333
13.826867444
12.358038759
18.104672013
18.217823913
18.121036176
17.216584293
16.410301889
14.040811096
16.485211274
16.630875491
14.457108559
14.477830947
14.833119633
16.940129902
16.558718491
16.176593609
14.814209209
6.039095184
18.153562698
14.795206553
15.538730432
9.443980900
16.594962634
16.606970094
9.594814807
12.428899349
16.333935311
12.137257026
17.876856292
14.870667372
14.265462483
17.307930986
11.049448325
13.777677456
14.109581765
13.752846295
15.723248906
16.295187480
17.337915304
14.659526988
18.021819362
9.286853097
14.698777342
10.014156069
11.148830633
10.079726980
16.026599253
17.503648660
15.632077511
14.999307272
13.651898575
13.702701322
18.055169115
17.797901732
18.225783639
18.169726167
13.875440951
17.806752820
12.860169140
16.794261902
16.095490714
18.063462769
16.269141377
6.227526214
16.678254398
17.579294488
17.780139813
17.101982838
17.789030760
16.068079255
14.436275163
15.244519310
15.378021735
4.916613757
18.304512155
16.973037335
17.206302679
10.391533174
0.000000000
16.472825196
17.070140267
8.582844479
16.422886454
17.708282094
17.112540057
18.312299514
13.387372883
17.038038048
14.394270495
12.922432301
9.739841770
1.000000000
15.053165525
3.669841270
14.619876871
12.953190856
15.601208705
17.625846986
15.426931957
14.177155336
15.956475067
15.491207759
17.920047401
11.197565953
17.753346208
17.005671875
15.123839031
15.088662295
10.998767075
17.726369519
11.477578549
18.071739058
9.947425656
11.821606388
15.158701506
13.414654485
15.885072813
17.653517120
15.693093868
17.494090105
8.678457682
14.518947429
12.566818003
16.994823735
13.161896475
8.280329890
17.164905734
15.768050234
17.347859598
15.443100271
6.576709986
14.889306448
18.201856240
4.340388007
16.497558410
11.610241821
16.136251851
12.764846833
18.161652691
17.815584112
9.205758040
12.463845608
10.450927709
18.209848135
16.522136837
13.677383259
11.902989528
18.249567155
16.081808944
13.600420364
11.780256983
16.054301307
8.064110351
8.173783757
14.243573184
16.701731380
15.278325150
18.343296579
17.841960104
17.690111405
11.293205790
18.257463320
15.522953635
10.144178732
13.626245036
14.776110751
13.304353466
13.276279232
15.361581327
13.521896064
13.013981718
16.884665093
5.406533713
14.063870310
13.132763490
10.331193118
11.245685816
14.679201626
15.708200434
17.894189447
16.040474755
16.546562420
16.929099316
17.735382247
14.944694795
17.662697551
17.928629242
16.906944935
12.249234866
14.579818680
15.017342783
17.588649032
15.570094336
5.839987691
7.834591413
17.185658591
15.193255339
17.850713099
16.748268848
12.174947193
17.532186116
18.265343754
17.175295831
5.170052910
12.828656314
18.320071576
17.971261037
18.177783192
17.560518591
8.771676317
17.885532378
12.891426415
15.311840867
18.327828401
16.771332623
17.996621056
17.833187666
16.163192416
17.644315283
17.226839142
14.539343843
13.994277467
13.332225210
15.554443828
14.221559850
17.868161108
14.498443513
18.096464460
14.330400083
3.266666667
17.287813945
18.079998054
17.597981450
9.668026033
15.899457770
15.035295278
16.805676597
10.207549674
12.667105689
9.810314340
16.109124900
15.328491492
17.455622510
11.522313337
17.016490198
15.295118960
17.059468588
12.796883670
11.696193650
18.335570049
17.680994595
18.038529414
11.862514087
15.826998700
17.027278868
16.189949164
17.327945857
17.635091939
7.461173213
16.216524607
16.782813975
18.193848162
17.569917710
16.346766701
17.297885303
13.247999513
10.734710007
17.616580322
16.817058256
15.812344587
14.017614041
17.979732474
15.410696474
13.899501369
14.851938725
17.962771399
17.988185787
10.842542660
17.267593676
16.372304315
17.484508327
6.739522886
14.737635990
12.393632405
16.321061831
17.465274645
14.132237211
16.534368614
17.407004214
12.600538483
16.873477674
17.416775952
17.317951128
18.281057682
17.144042946
16.203259394
16.690010417
10.509406471
14.154761224
9.122874040
17.426523532
15.345071444
12.099192908
12.633966007
14.086793327
15.942298357
17.387387775
16.839723232
8.484710170
12.060747263
16.460399927
17.445946692
11.340140866
18.241655196
15.176016657
15.738239736
14.599899314
17.277716781
17.091397236
2.800000000
15.459201977
5.629373801
17.744374445
17.195994159
15.585682462
12.532799317
11.982679914
18.145456119
16.862258347
17.474903211
16.435430811
14.926319316
14.907856813
14.415329551
16.918037719
12.212270760
10.789008622
15.261458812
6.406360643
11.653459163
7.951118409
9.520152701
9.879493298
15.928070157
17.607291845
12.021912282
17.824395698
13.359897393
15.753173365
13.727854952
13.219511247
14.199421052
16.736686026
13.441744945
9.366236719
17.717336166
11.099463690
12.498477033
8.862619335
11.943041854
1.666666667
16.666463110
16.618940971
15.141309196
15.797635419
12.699962508
17.859446738
13.468646949
17.522696554
17.133569961
14.718255135
13.190811302
15.677928756
14.639752413
18.137332885
16.713417497
17.377542829
16.359556278
11.386505490
18.233727379
15.662704636
18.288891300
16.570837062
11.432313578
16.759817647
13.574422234
6.895529581
18.005038356
16.385011083
17.945737201
17.357778866
16.447935217
10.623728525
15.782870776
16.229745111
15.913790089
18.013437766
10.679624440
15.070954282
17.771228799
13.548248275
15.394393258
7.189216892
10.895333538
15.106290303
13.970799669
18.185823835
17.937192482
10.269876257
17.954263480
16.282186041
14.559633889
17.699207206
17.541652903
7.045280799
8.383920037
15.870634826
7.714282847
17.123069048
17.551097025
16.149745270
12.322112225
18.088239831
17.080783098
17.257444496
15.970600663
16.308145981
17.902827586
11.566530417
15.507112919
7.327725534
10.566997762
14.308874564
18.112862561
16.983945611
14.287229150
8.951398309
12.983706040
4.641093474
17.367673234
15.856143412
17.048767901
18.296709437
14.351807040
16.242921207
17.671856676
16.951129652
15.841598172
15.475237625
13.044021662
15.227506000
14.756920878
15.210418230
16.851006928
10.947401781
13.073829555
16.256053197
13.947178906
16.828407071
14.981187966
11.738456105
12.732541314
