500
206
310
343
280
461
349
367
153
271
322
321
125
245
491
395
151
247
328
391
463
176
272
430
316
375
8
376
473
139
100
403
270
301
156
447
40
26
4
152
102
470
484
472
373
302
161
308
320
180
181
199
347
314
284
198
16
476
197
240
45
317
318
47
104
296
96
443
201
171
382
71
150
164
149
252
293
385
190
460
43
192
53
73
54
273
402
246
208
145
147
464
434
485
478
154
435
117
334
278
465
291
17
324
410
432
362
433
276
179
222
230
11
495
350
372
59
1
307
359
35
303
424
363
496
135
356
177
119
49
2
211
7
188
120
244
415
233
167
268
237
448
74
429
353
215
213
70
426
80
466
52
88
217
136
263
418
250
401
36
183
108
352
127
32
368
255
386
234
19
202
482
9
309
83
281
114
477
436
42
105
60
483
311
146
90
488
277
143
87
275
30
31
170
326
224
500
439
422
76
489
239
55
144
196
132
131
229
140
122
342
13
162
126
58
75
191
251
445
274
313
346
427
205
419
449
344
99
186
209
411
242
15
28
370
219
440
330
97
405
490
369
12
116
497
454
479
408
37
444
118
226
498
332
457
438
283
417
374
184
159
133
241
169
442
182
469
174
6
380
467
412
48
264
210
335
56
111
50
279
227
397
81
354
225
358
115
85
499
421
462
89
259
355
285
384
416
25
287
333
481
409
297
381
130
65
414
336
258
160
455
232
155
200
453
456
67
378
299
400
20
194
103
295
398
165
312
392
109
341
393
383
492
366
286
325
61
166
41
394
228
95
110
163
267
390
338
34
94
306
396
77
487
218
253
187
379
361
5
235
14
428
371
243
107
92
475
340
399
304
204
203
178
345
98
66
223
18
84
29
46
51
266
413
93
437
134
254
148
129
168
329
137
44
425
72
106
38
91
3
323
319
216
257
112
441
138
404
365
193
128
249
189
474
327
389
298
78
486
248
493
315
79
331
142
21
458
300
451
387
305
63
256
288
265
459
64
212
431
141
231
23
68
214
158
480
450
57
452
292
185
423
406
22
33
262
27
364
407
282
101
468
360
377
269
294
446
82
238
24
62
173
471
351
172
39
121
10
388
261
357
494
175
289
420
348
260
236
123
221
195
220
339
69
124
290
157
337
207
86
113
