269149921239138220
549755289608
625349600652962948
1125899906842624
536870912000065534
288230376151711752
512008
576460752840294400
68
66
477828750854857920
2147418120
1125899906842626
1125899907891199
144115187840974848
4294901758
51779738417794931
536870912000000004
1073741825000000000
536870912000000002
17
536870912001048575
3
2251799847239680
288230376151711745
36
143832086149585013
136
549755289602
512001
10
4
302263985890156738
257618734576304802
1
1125899906843624
536870912000000001
576460753303423488
1099511627775
2147418113
164534409201024593
616224174182241795
536870912000000000
823889654158178338
302505674177455523
144115187807421416
536870912033554432
536870912000001000
536870912536870911
1125899906842625
65
288230376151711746
512004
288230376151777278
512000
994839424593906011
166968734948723034
144115187807485950
288230376185266176
549755289601
144115187807420417
549755289600
549755355134
16
288230376151711748
288230376151711743
994953050605946960
512002
579466970681617586
5
0
257402047237313974
2147418112
144115187807420420
144115187808468991
144115187807420424
64
288230376151711744
1125899906842628
1125899906908158
1025000
288230376688582655
144115187807420416
108199895457035010
206230380587606383
2147418114
18
313474674031802004
288230376151712744
797466610818782833
174565203739318196
549755289604
549755290600
2147419112
2147418116
288230376152760319
536870912000000008
144115187807420418
1125899906842632
217317246915099691
