91
0 0
0 1
0 2
0 4
0 5
0 8
0 1000
0 65534
0 1048575
0 33554432
0 536870911
0 536870912
0 1000000000
1 1
1 2
1 4
1 5
1 8
1 1000
1 65534
1 1048575
1 33554432
1 536870911
1 536870912
1 1000000000
2 2
2 4
2 5
2 8
2 1000
2 65534
2 1048575
2 33554432
2 536870911
2 536870912
2 1000000000
4 4
4 5
4 8
4 1000
4 65534
4 1048575
4 33554432
4 536870911
4 536870912
4 1000000000
5 5
5 8
5 1000
5 65534
5 1048575
5 33554432
5 536870911
5 536870912
5 1000000000
8 8
8 1000
8 65534
8 1048575
8 33554432
8 536870911
8 536870912
8 1000000000
1000 1000
1000 65534
1000 1048575
1000 33554432
1000 536870911
1000 536870912
1000 1000000000
65534 65534
65534 1048575
65534 33554432
65534 536870911
65534 536870912
65534 1000000000
1048575 1048575
1048575 33554432
1048575 536870911
1048575 536870912
1048575 1000000000
33554432 33554432
33554432 536870911
33554432 536870912
33554432 1000000000
536870911 536870911
536870911 536870912
536870911 1000000000
536870912 536870912
536870912 1000000000
1000000000 1000000000
