112
97
20
54
53
57
47
75
4
1
5124
495
11839
2713
14123
9962
3654
1819
12468
6122
1294249
27723
77052
481244
594994
505955
111906
166397
769874
726972
29778579
15915479
100605624
85579032
53959174
14299147
2329850
43797738
119817460
27730707
7571794491
6480463904
7247965593
1877160175
16259270906
9165933685
8068697305
6538444052
8186868166
9818079030
193075388613
937891004603
345152224238
806178122152
758940371320
384083041957
998341072779
728544075576
140793332227
342318158215
58942935697854
126369752097938
43501293944642
669755870803
1301075722268
98156878473413
10415193476785
90582367784839
20769186041322
181006210394598
4646639122544862
8076087450813820
1622989871680913
6335134873722841
11904774561413630
2632963369739085
7537578134648904
1549303282545571
16668265363141456
3348205764324184
1577536466524357765
410103598496842358
1250453571827428396
366561095341751402
489640923018493894
525600157418948178
570703970706735177
60850516112026387
567321963985987454
294269864995839590
