90
7 9
6 9
5 2
9 2
8 3
2 10
2 9
9 4
1 3
1 1
74 28
30 2
58 97
12 63
95 74
92 50
84 2
49 12
65 94
17 95
613 997
228 8
24 370
554 428
399 693
440 567
278 196
221 357
454 788
357 850
6393 1325
2218 3425
5604 8582
3129 9955
9096 1293
1269 4080
289 1871
6977 2383
10000 5481
5526 1922
97280 25780
64969 48878
66192 54208
547 60727
86950 93380
98370 37026
69277 57757
82571 31784
51346 76615
80774 59356
505268 116143
566167 803426
101803 729044
514147 755640
651067 580957
302482 573970
758499 654542
681225 525875
478246 52402
24337 803092
5706279 5151248
7889285 8008499
2588239 6739280
318925 838449
74747 1538373
8747813 5263389
1710289 2853744
6782199 6677547
2748471 3696557
9489222 9537403
12982787 83418865
66000999 61090209
49042663 7930838
27295063 85267231
75076034 79227399
68743925 3822781
55768776 67012153
17084815 38580315
99745245 82837698
16801974 65029632
863116509 913135989
442628942 463023971
913518118 667907551
389688476 466537074
156908734 832677972
487566675 537713929
246400452 821966500
276173512 72683239
150614663 914582000
447575425 319588007
