470482663371912
3
5
68465579223468
238627550663
95
1110209636418003
182
500000000500000001
5367
8
500000001500000003
500000002500000002
1377916
162
3248732184
221
2
4
280567
2000000002000000001
3
52648408406665
541902
384263339901
76
39794166536376613
552747097145168209
79162558038865
506557580404
31
15087019
30
7893104478117107
102002937
1975350287651812
457089172110
6902388399
852691782721093275
591616080698572399
36001468047904
30063695
1286465
828531
13938
400886963062697325
121777684383120937
78340334269020
254003735755
664702125545
54941358087863
269833
5148230070
3196
13
38473231620993
500000001500000001
285383366056
124587470052397
11977013320
145793557
2
500000003500000004
10849737489357
9
1
32
40
3099
1
13198071982
83997789646155
84
3436558613270868
529647
6
78965308182854
619403
5515
97971705903213
145
1624045457581315
6943470250
14884322876
9769041252536683
27971369975605
3
7073677705936927
1
327137326191
46020213312103
7237
163
678602161991273202
357913071212543
3
2
404464815848742157
4863303310
500000002500000006
