100
11128149 19547008
0 1
1 1
8474452 3227306
675040 15796
10 3
22020472 25100852
8 10
1000000000 0
93 10
2 1
1000000000 1
1 1000000000
714 945
9 8
52344 28262
10 10
1 0
2 0
308 440
1000000000 1000000000
0 1
7977935 2283488
459 581
846252 30404
2 9
233583333 48530709
465057011 586367828
7961681 4621049
282512 724023
5 2
2252 3240
6 1
50603864 75039316
6249 8033
51500888 11353710
726018 230108
90366 27127
314276353 991626998
955414991 132349763
987881 7497572
2440 5313
745 858
297 989
90 76
686201928 209216368
60461049 433052241
7667700 4849514
50876 661869
644956 508041
8348393 2134102
647 87
2586 98884
44 35
2 2
1604748 7167164
0 1000000000
337230 418260
7038329 8746946
95286 59484
9869 7206
1 0
2 1000000000
4536228 122041
1 2
0 0
4 3
5 3
61 17
0 0
97233 65235
8253861 4707449
7 5
5776377 77127887
288 740
0 2
8116681 4450363
538 574
50 54
9137997 4859981
8 8
27715010 29277014
74996 42846
99040 73495
46189403 93589287
4135211 3344276
0 1
61701569 57241086
0 0
34437 774434
2891232 6702537
23 96
8 9
420596299 744394826
1552585 25202341
0 1
1 0
121842278 777562875
92690 5933
1000000000 2
